22	1	1	0	0
22	1	2	1	1
22	1	3	2	\N
22	1	4	3	\N
22	1	5	4	\N
22	1	6	5	2
22	1	7	6	3
22	1	8	7	\N
22	1	9	8	4
22	1	10	9	\N
22	1	11	10	5
22	4	38	11	\N
22	4	37	12	6
22	4	36	13	\N
22	4	39	14	\N
22	4	40	15	7
22	2	21	16	\N
22	2	20	17	8
36	1	1	0	0
36	1	2	1	\N
36	1	3	2	1
36	1	4	3	\N
36	1	5	4	\N
36	1	6	5	2
36	1	7	6	3
36	1	8	7	\N
36	1	9	8	\N
36	1	10	9	4
36	1	11	10	\N
36	4	39	11	5
36	4	40	12	6
36	2	21	13	7
36	4	41	14	\N
36	3	27	15	8
42	1	1	0	0
42	1	2	1	\N
42	1	3	2	1
42	1	4	3	\N
42	1	5	4	\N
42	1	6	5	2
42	1	7	6	\N
42	1	8	7	\N
42	3	27	8	3
42	3	26	9	4
42	3	28	10	5
42	3	29	11	6
42	2	21	12	7
42	2	20	13	8
50	1	1	0	0
50	1	2	1	1
50	1	3	2	\N
50	1	4	3	2
50	1	5	4	3
50	1	6	5	4
50	1	7	6	5
50	1	8	7	6
50	3	28	8	7
50	3	29	9	8
50	2	21	10	\N
50	2	22	11	9
50	2	23	12	\N
50	3	30	13	\N
50	3	31	14	\N
50	3	32	15	\N
50	3	33	16	10
85	1	1	0	0
85	1	2	1	1
85	1	3	2	2
85	1	4	3	\N
85	2	19	4	\N
85	2	20	5	\N
85	2	21	6	\N
85	3	29	7	3
85	3	28	8	4
85	1	8	9	5
85	1	7	10	\N
85	1	6	11	6
85	1	9	12	7
85	1	10	13	\N
85	1	11	14	8
85	1	12	15	9
91	1	1	0	0
91	1	2	1	1
91	1	3	2	\N
91	1	4	3	\N
91	2	19	4	2
91	2	20	5	3
91	2	21	6	\N
91	3	29	7	4
91	3	28	8	\N
91	1	8	9	5
91	1	9	10	6
91	1	10	11	\N
91	1	11	12	\N
91	1	12	13	\N
91	1	13	14	\N
91	1	14	15	7
91	4	38	16	\N
91	4	37	17	8
91	4	36	18	9
92	1	1	0	0
92	1	2	1	\N
92	1	3	2	\N
92	1	4	3	1
92	2	19	4	2
92	2	20	5	3
92	2	21	6	\N
92	3	29	7	4
92	3	28	8	\N
92	1	8	9	5
92	1	9	10	\N
92	1	10	11	6
92	1	11	12	\N
92	1	12	13	\N
92	1	13	14	\N
92	1	14	15	\N
92	4	38	16	\N
92	4	37	17	\N
92	4	36	18	7
92	4	35	19	8
105	1	1	0	0
105	1	2	1	1
105	1	3	2	\N
105	1	4	3	\N
105	2	19	4	\N
105	2	20	5	\N
105	2	21	6	2
105	3	30	7	\N
105	3	31	8	3
105	3	32	9	4
105	3	33	10	\N
105	4	40	11	\N
105	4	39	12	\N
105	1	11	13	5
114	1	1	0	0
114	1	2	1	1
114	1	3	2	\N
114	1	4	3	\N
114	2	19	4	\N
114	2	20	5	\N
114	2	21	6	\N
114	4	40	7	\N
114	4	39	8	2
114	1	11	9	\N
114	1	10	10	3
114	1	9	11	4
114	1	8	12	\N
114	1	7	13	\N
114	1	6	14	\N
114	3	27	15	5
114	3	26	16	\N
114	3	25	17	6
124	1	1	0	0
124	1	2	1	\N
124	1	3	2	1
124	1	4	3	\N
124	2	19	4	\N
124	2	20	5	2
124	2	21	6	\N
124	4	40	7	\N
124	4	39	8	3
124	1	11	9	\N
124	1	12	10	4
124	1	13	11	5
124	1	14	12	\N
124	4	38	13	\N
124	4	37	14	6
124	4	36	15	7
124	4	35	16	8
132	1	2	0	0
132	1	3	1	\N
132	1	4	2	1
132	1	5	3	2
132	1	6	4	3
132	1	7	5	4
134	1	2	0	0
134	1	3	1	1
134	1	4	2	\N
134	1	5	3	2
134	1	6	4	\N
134	1	7	5	3
134	1	8	6	4
134	1	9	7	5
135	1	2	0	0
135	1	3	1	\N
135	1	4	2	\N
135	1	5	3	1
135	1	6	4	2
135	1	7	5	\N
135	1	8	6	\N
135	1	9	7	\N
135	1	10	8	3
139	1	2	0	0
139	1	3	1	\N
139	1	4	2	\N
139	1	5	3	1
139	1	6	4	2
139	1	7	5	\N
139	1	8	6	3
139	1	9	7	4
139	1	10	8	\N
139	1	11	9	\N
139	1	12	10	\N
139	1	13	11	5
139	1	14	12	6
155	1	2	0	0
155	1	3	1	1
155	1	4	2	\N
155	1	5	3	2
155	1	6	4	\N
155	1	7	5	3
155	1	8	6	\N
155	1	9	7	\N
155	1	10	8	4
155	1	11	9	5
155	4	39	10	\N
155	4	40	11	6
155	2	21	12	\N
155	3	29	13	7
155	3	30	14	8
157	1	2	0	0
157	1	3	1	1
157	1	4	2	2
157	1	5	3	3
157	1	6	4	\N
157	1	7	5	4
157	1	8	6	\N
157	1	9	7	\N
157	1	10	8	5
157	1	11	9	6
157	4	39	10	7
157	4	40	11	\N
157	2	21	12	8
157	3	29	13	\N
157	3	30	14	9
157	3	31	15	\N
157	3	32	16	10
158	1	2	0	0
158	1	3	1	1
158	1	4	2	2
158	1	5	3	3
158	1	6	4	\N
158	1	7	5	4
158	1	8	6	5
158	1	9	7	6
158	1	10	8	\N
158	1	11	9	7
158	4	39	10	\N
158	4	40	11	\N
158	2	21	12	\N
158	3	29	13	8
158	3	30	14	9
158	3	31	15	10
158	3	32	16	11
158	3	33	17	12
167	1	2	0	0
167	1	3	1	\N
167	1	4	2	\N
167	1	5	3	1
167	1	6	4	2
167	1	7	5	3
167	1	8	6	4
167	3	27	7	5
167	3	26	8	\N
167	3	28	9	\N
167	3	29	10	\N
167	2	21	11	6
171	1	2	0	0
171	1	3	1	1
171	1	4	2	2
171	1	5	3	\N
171	1	6	4	\N
171	1	7	5	\N
171	1	8	6	\N
171	3	28	7	\N
171	3	29	8	3
171	2	21	9	\N
171	2	20	10	4
171	2	22	11	5
171	2	23	12	6
178	1	2	0	0
178	1	3	1	\N
178	1	4	2	1
178	1	5	3	\N
178	1	6	4	2
178	1	7	5	\N
178	1	8	6	\N
178	3	28	7	\N
178	3	29	8	\N
178	2	21	9	3
178	3	30	10	4
178	3	31	11	\N
178	3	32	12	5
178	3	33	13	6
178	4	40	14	7
206	1	2	0	0
206	1	3	1	\N
206	1	4	2	\N
206	2	19	3	\N
206	2	20	4	\N
206	2	21	5	\N
206	2	22	6	1
206	2	23	7	\N
206	3	29	8	\N
206	3	28	9	2
206	1	8	10	\N
206	1	7	11	3
206	1	6	12	4
208	1	2	0	0
208	1	3	1	1
208	1	4	2	\N
208	2	19	3	\N
208	2	20	4	\N
208	2	21	5	2
208	3	29	6	3
208	3	28	7	4
208	1	8	8	5
208	1	7	9	6
208	1	6	10	\N
208	1	9	11	7
239	1	2	0	0
239	1	3	1	\N
239	1	4	2	1
239	2	19	3	\N
239	2	20	4	2
239	2	21	5	\N
239	4	40	6	3
239	4	39	7	\N
239	1	11	8	4
239	1	10	9	5
239	1	9	10	\N
239	1	8	11	6
239	1	7	12	\N
239	1	6	13	\N
239	3	27	14	\N
239	3	26	15	7
262	1	3	0	0
262	1	2	1	\N
262	1	4	2	\N
262	1	5	3	1
262	1	6	4	\N
262	1	7	5	2
262	1	8	6	3
262	1	9	7	4
262	1	10	8	\N
262	1	11	9	5
276	1	3	0	0
276	1	4	1	1
276	1	5	2	\N
276	1	6	3	2
276	1	7	4	3
276	1	8	5	\N
276	1	9	6	\N
276	1	10	7	\N
276	1	11	8	4
276	4	39	9	\N
276	4	40	10	5
276	2	21	11	\N
276	2	20	12	6
276	2	22	13	7
301	1	3	0	0
301	1	4	1	1
301	1	5	2	2
301	1	6	3	3
301	1	7	4	\N
301	1	8	5	\N
301	3	28	6	\N
301	3	29	7	4
301	2	21	8	5
301	2	22	9	6
301	2	23	10	\N
301	3	30	11	7
301	3	31	12	8
301	3	32	13	9
313	1	3	0	0
313	1	4	1	\N
313	1	5	2	\N
313	1	6	3	\N
313	1	7	4	\N
313	1	8	5	1
313	3	28	6	\N
313	3	29	7	2
313	2	21	8	3
313	4	40	9	4
313	4	39	10	\N
313	1	11	11	\N
313	1	12	12	\N
313	1	13	13	5
313	1	14	14	\N
313	4	38	15	6
315	1	3	0	0
315	1	4	1	\N
315	1	5	2	1
315	1	6	3	2
315	1	7	4	3
315	1	8	5	\N
315	3	28	6	\N
315	3	29	7	\N
315	2	21	8	\N
315	4	40	9	4
315	4	39	10	5
315	1	11	11	\N
315	1	12	12	6
315	1	13	13	\N
315	1	14	14	\N
315	4	38	15	\N
315	4	37	16	\N
315	4	36	17	7
339	1	3	0	0
339	1	4	1	\N
339	2	19	2	\N
339	2	20	3	\N
339	2	21	4	\N
339	3	29	5	\N
339	3	28	6	1
339	1	8	7	2
339	1	7	8	3
339	1	6	9	\N
339	1	9	10	4
339	1	10	11	\N
339	1	11	12	\N
339	1	12	13	\N
339	1	13	14	\N
339	1	14	15	5
369	1	3	0	0
369	1	4	1	\N
369	2	19	2	\N
369	2	20	3	1
369	2	21	4	\N
369	4	40	5	\N
369	4	39	6	\N
369	1	11	7	2
369	1	10	8	3
369	1	9	9	\N
369	1	8	10	4
369	3	28	11	\N
369	1	12	12	5
376	1	3	0	0
376	1	4	1	\N
376	2	19	2	1
376	2	20	3	\N
376	2	21	4	\N
376	4	40	5	\N
376	4	39	6	2
376	1	11	7	\N
376	1	12	8	3
376	1	13	9	\N
376	1	14	10	\N
376	4	38	11	\N
376	4	37	12	4
376	4	36	13	\N
376	4	35	14	5
380	1	4	0	0
380	1	3	1	1
380	1	2	2	2
384	1	4	0	0
384	1	3	1	\N
384	1	2	2	1
384	1	5	3	\N
384	1	6	4	2
384	1	7	5	3
387	1	4	0	0
387	1	3	1	1
387	1	2	2	\N
387	1	5	3	2
387	1	6	4	3
387	1	7	5	4
387	1	8	6	5
387	1	9	7	6
387	1	10	8	7
397	1	4	0	0
397	1	5	1	\N
397	1	6	2	\N
397	1	7	3	1
397	1	8	4	2
397	1	9	5	\N
397	1	10	6	\N
397	1	11	7	\N
397	4	38	8	\N
397	4	37	9	\N
397	4	36	10	3
397	4	39	11	4
410	1	4	0	0
410	1	5	1	\N
410	1	6	2	1
410	1	7	3	\N
410	1	8	4	\N
410	1	9	5	2
410	1	10	6	3
410	1	11	7	4
410	4	39	8	5
410	4	40	9	\N
410	2	21	10	\N
410	3	29	11	6
410	3	30	12	7
410	3	31	13	8
410	3	32	14	9
410	3	33	15	10
422	1	4	0	0
422	1	5	1	1
422	1	6	2	2
422	1	7	3	\N
422	1	8	4	\N
422	3	28	5	\N
422	3	29	6	\N
422	2	21	7	\N
422	2	20	8	\N
422	2	22	9	3
424	1	4	0	0
424	1	5	1	1
424	1	6	2	\N
424	1	7	3	\N
424	1	8	4	\N
424	3	28	5	\N
424	3	29	6	\N
424	2	21	7	2
424	2	20	8	3
424	2	22	9	\N
424	2	23	10	\N
424	2	24	11	4
427	1	4	0	0
427	1	5	1	\N
427	1	6	2	1
427	1	7	3	2
427	1	8	4	3
427	3	28	5	4
427	3	29	6	\N
427	2	21	7	5
427	2	22	8	\N
427	2	23	9	\N
427	3	30	10	\N
427	3	31	11	6
427	3	32	12	7
431	1	4	0	0
431	1	5	1	1
431	1	6	2	2
431	1	7	3	3
431	1	8	4	\N
431	3	28	5	4
431	3	29	6	5
431	2	21	7	\N
431	3	30	8	6
431	3	31	9	7
431	3	32	10	\N
431	3	33	11	8
431	4	40	12	9
431	4	39	13	10
455	1	4	0	0
455	2	19	1	1
455	2	20	2	\N
455	2	21	3	2
455	2	22	4	\N
455	2	23	5	\N
455	3	29	6	\N
455	3	28	7	3
467	1	4	0	0
467	2	19	1	\N
467	2	20	2	\N
467	2	21	3	1
467	3	29	4	\N
467	3	28	5	\N
467	1	8	6	2
467	1	9	7	3
467	1	10	8	\N
467	1	11	9	\N
467	1	12	10	\N
467	1	13	11	4
467	1	14	12	5
467	4	38	13	6
468	1	4	0	0
468	2	19	1	\N
468	2	20	2	1
468	2	21	3	2
468	3	29	4	3
468	3	28	5	4
468	1	8	6	5
468	1	9	7	\N
468	1	10	8	6
468	1	11	9	7
468	1	12	10	8
468	1	13	11	\N
468	1	14	12	\N
468	4	38	13	\N
468	4	37	14	9
477	1	4	0	0
477	2	19	1	1
477	2	20	2	2
477	2	21	3	3
477	3	29	4	\N
477	3	28	5	\N
477	1	8	6	4
477	3	27	7	5
477	3	26	8	6
477	3	30	9	\N
477	3	31	10	7
483	1	4	0	0
483	2	19	1	1
483	2	20	2	\N
483	2	21	3	\N
483	3	30	4	2
483	3	31	5	\N
483	3	32	6	\N
483	3	33	7	3
483	4	40	8	\N
483	4	39	9	\N
483	1	11	10	4
487	1	4	0	0
487	2	19	1	1
487	2	20	2	2
487	2	21	3	3
487	3	30	4	4
487	3	31	5	5
487	3	32	6	\N
487	3	33	7	\N
487	4	40	8	6
487	4	39	9	\N
487	1	11	10	7
487	1	10	11	\N
487	1	9	12	\N
487	1	8	13	\N
487	1	7	14	8
488	1	4	0	0
488	2	19	1	1
488	2	20	2	2
488	2	21	3	3
488	3	30	4	4
488	3	31	5	\N
488	3	32	6	\N
488	3	33	7	\N
488	4	40	8	5
488	4	39	9	6
488	1	11	10	\N
488	1	10	11	7
488	1	9	12	\N
488	1	8	13	\N
488	1	7	14	\N
488	1	6	15	8
495	1	4	0	0
495	2	19	1	1
495	2	20	2	\N
495	2	21	3	2
495	4	40	4	\N
495	4	39	5	3
495	1	11	6	\N
495	1	10	7	\N
495	1	9	8	\N
495	1	8	9	\N
495	3	28	10	4
495	1	12	11	5
497	1	4	0	0
497	2	19	1	\N
497	2	20	2	1
497	2	21	3	\N
497	4	40	4	2
497	4	39	5	\N
497	1	11	6	3
497	1	10	7	4
497	1	9	8	\N
497	1	8	9	\N
497	3	28	10	5
497	1	12	11	\N
497	1	13	12	6
497	1	14	13	7
516	1	5	0	0
516	1	4	1	\N
516	2	18	2	\N
516	2	17	3	\N
516	2	19	4	1
516	2	20	5	\N
516	2	21	6	\N
516	2	22	7	2
516	2	23	8	3
519	1	5	0	0
519	1	4	1	1
519	2	19	2	2
519	2	20	3	\N
519	2	21	4	3
519	2	22	5	4
519	2	23	6	5
519	3	29	7	6
519	3	28	8	7
536	1	5	0	0
536	1	4	1	1
536	2	19	2	\N
536	2	20	3	\N
536	2	21	4	2
536	3	29	5	\N
536	3	28	6	3
536	1	8	7	4
536	1	9	8	5
536	1	10	9	\N
536	1	11	10	\N
536	4	39	11	6
536	3	27	12	7
542	1	5	0	0
542	1	4	1	\N
542	2	19	2	\N
542	2	20	3	1
542	2	21	4	2
542	3	29	5	\N
542	3	28	6	3
542	1	8	7	\N
542	3	27	8	4
542	3	26	9	5
542	3	30	10	6
542	3	31	11	\N
542	3	32	12	\N
542	3	33	13	7
554	1	5	0	0
554	1	4	1	\N
554	2	19	2	1
554	2	20	3	\N
554	2	21	4	2
554	4	40	5	\N
554	4	39	6	3
554	1	11	7	4
554	1	10	8	5
554	1	9	9	6
554	1	8	10	7
554	1	7	11	\N
554	3	27	12	\N
554	3	26	13	8
554	3	25	14	9
580	1	5	0	0
580	1	6	1	1
580	1	7	2	2
580	1	8	3	\N
580	1	9	4	3
580	1	10	5	\N
580	1	11	6	\N
580	1	12	7	4
580	1	13	8	\N
580	1	14	9	\N
580	4	38	10	5
580	4	37	11	\N
580	4	36	12	6
580	4	35	13	7
590	1	5	0	0
590	1	6	1	\N
590	1	7	2	\N
590	1	8	3	\N
590	1	9	4	1
590	1	10	5	\N
590	1	11	6	\N
590	4	39	7	2
590	4	40	8	\N
590	2	21	9	\N
590	2	20	10	3
590	2	19	11	4
590	1	4	12	\N
590	1	3	13	\N
590	1	2	14	5
590	2	18	15	6
634	1	5	0	0
634	1	6	1	\N
634	1	7	2	1
634	1	8	3	2
634	3	28	4	\N
634	3	29	5	3
634	2	21	6	4
634	4	40	7	\N
634	4	39	8	5
634	1	11	9	\N
634	1	10	10	\N
634	1	12	11	6
634	1	13	12	7
635	1	5	0	0
635	1	6	1	\N
635	1	7	2	\N
635	1	8	3	\N
635	3	28	4	1
635	3	29	5	2
635	2	21	6	3
635	4	40	7	\N
635	4	39	8	\N
635	1	11	9	\N
635	1	10	10	\N
635	1	12	11	4
635	1	13	12	5
635	1	14	13	6
637	1	5	0	0
637	1	6	1	1
637	1	7	2	\N
637	1	8	3	2
637	3	28	4	3
637	3	29	5	\N
637	2	21	6	\N
637	4	40	7	4
637	4	39	8	\N
637	1	11	9	\N
637	1	12	10	\N
637	1	13	11	\N
637	1	14	12	\N
637	4	38	13	5
649	1	6	0	0
649	1	5	1	1
649	1	4	2	2
649	1	3	3	3
649	1	2	4	4
649	2	18	5	5
649	2	17	6	6
655	1	6	0	0
655	1	5	1	1
655	1	4	2	\N
655	2	18	3	\N
655	2	17	4	\N
655	2	19	5	\N
655	2	20	6	\N
655	2	21	7	\N
655	2	22	8	\N
655	2	23	9	2
683	1	6	0	0
683	1	5	1	1
683	1	4	2	\N
683	2	19	3	2
683	2	20	4	3
683	2	21	5	4
683	3	30	6	\N
683	3	31	7	\N
683	3	32	8	5
683	3	33	9	\N
683	4	40	10	\N
683	4	39	11	6
684	1	6	0	0
684	1	5	1	\N
684	1	4	2	1
684	2	19	3	\N
684	2	20	4	2
684	2	21	5	3
684	3	30	6	\N
684	3	31	7	\N
684	3	32	8	\N
684	3	33	9	4
684	4	40	10	\N
684	4	39	11	\N
684	1	11	12	5
685	1	6	0	0
685	1	5	1	\N
685	1	4	2	1
685	2	19	3	\N
685	2	20	4	\N
685	2	21	5	2
685	3	30	6	\N
685	3	31	7	\N
685	3	32	8	3
685	3	33	9	4
685	4	40	10	\N
685	4	39	11	\N
685	1	11	12	\N
685	1	10	13	5
689	1	6	0	0
689	1	5	1	1
689	1	4	2	\N
689	2	19	3	\N
689	2	20	4	2
689	2	21	5	\N
689	4	40	6	3
689	4	39	7	\N
689	1	11	8	\N
689	1	10	9	4
689	1	9	10	5
689	1	8	11	6
689	3	27	12	7
690	1	6	0	0
690	1	5	1	1
690	1	4	2	2
690	2	19	3	\N
690	2	20	4	3
690	2	21	5	\N
690	4	40	6	4
690	4	39	7	5
690	1	11	8	\N
690	1	10	9	\N
690	1	9	10	6
690	1	8	11	7
690	3	27	12	8
690	3	26	13	9
695	1	6	0	0
695	1	5	1	\N
695	1	4	2	1
695	2	19	3	2
695	2	20	4	\N
695	2	21	5	3
695	4	40	6	4
695	4	39	7	\N
695	1	11	8	\N
695	1	10	9	\N
695	1	9	10	\N
695	1	8	11	5
695	3	28	12	\N
695	1	12	13	6
695	1	13	14	7
696	1	6	0	0
696	1	5	1	\N
696	1	4	2	1
696	2	19	3	\N
696	2	20	4	2
696	2	21	5	3
696	4	40	6	\N
696	4	39	7	\N
696	1	11	8	4
696	1	10	9	5
696	1	9	10	6
696	1	8	11	\N
696	3	28	12	7
696	1	12	13	\N
696	1	13	14	8
696	1	14	15	9
714	1	6	0	0
714	1	7	1	\N
714	1	8	2	\N
714	1	9	3	1
714	1	10	4	\N
714	1	11	5	2
714	1	12	6	\N
714	1	13	7	3
714	1	14	8	\N
714	4	38	9	\N
714	4	37	10	4
728	1	6	0	0
728	1	7	1	\N
728	1	8	2	\N
728	1	9	3	\N
728	1	10	4	\N
728	1	11	5	\N
728	4	39	6	\N
728	4	40	7	1
728	2	21	8	2
728	2	20	9	\N
728	2	19	10	3
728	1	4	11	\N
728	2	18	12	4
728	2	17	13	5
732	1	6	0	0
732	1	7	1	1
732	1	8	2	2
732	1	9	3	3
732	1	10	4	4
732	1	11	5	5
732	4	39	6	6
732	4	40	7	\N
732	2	21	8	7
732	2	20	9	8
732	2	19	10	9
732	1	4	11	\N
732	2	18	12	10
732	2	17	13	11
732	2	22	14	12
732	2	23	15	13
732	2	24	16	14
734	1	6	0	0
734	1	7	1	1
734	1	8	2	\N
734	1	9	3	2
734	1	10	4	\N
734	1	11	5	3
734	4	39	6	\N
734	4	40	7	4
734	2	21	8	\N
734	2	22	9	5
734	2	23	10	6
734	3	29	11	7
734	3	28	12	8
741	1	6	0	0
741	1	7	1	\N
741	1	8	2	\N
741	1	9	3	1
741	1	10	4	\N
741	1	11	5	\N
741	4	39	6	2
741	4	40	7	\N
741	2	21	8	\N
741	3	30	9	\N
741	3	31	10	\N
741	3	32	11	\N
741	3	33	12	3
741	4	41	13	\N
741	4	42	14	4
745	1	6	0	0
745	1	7	1	\N
745	1	8	2	1
745	3	27	3	\N
745	3	26	4	2
745	3	28	5	3
746	1	6	0	0
746	1	7	1	1
746	1	8	2	2
746	3	27	3	\N
746	3	26	4	\N
746	3	28	5	3
746	3	29	6	4
747	1	6	0	0
747	1	7	1	1
747	1	8	2	\N
747	3	27	3	2
747	3	26	4	\N
747	3	28	5	3
747	3	29	6	\N
747	2	21	7	4
753	1	6	0	0
753	1	7	1	1
753	1	8	2	\N
753	3	27	3	2
753	3	26	4	\N
753	3	28	5	3
753	3	29	6	\N
753	2	21	7	4
753	2	20	8	\N
753	2	19	9	5
753	1	4	10	\N
753	1	3	11	6
753	1	2	12	\N
753	1	1	13	7
761	1	6	0	0
761	1	7	1	1
761	1	8	2	2
761	3	28	3	\N
761	3	29	4	3
761	2	21	5	4
761	2	22	6	5
761	2	23	7	6
761	3	30	8	7
768	1	6	0	0
768	1	7	1	1
768	1	8	2	\N
768	3	28	3	\N
768	3	29	4	\N
768	2	21	5	\N
768	3	30	6	\N
768	3	31	7	2
768	3	32	8	\N
768	3	33	9	3
768	4	40	10	4
768	4	39	11	5
768	1	11	12	6
771	1	6	0	0
771	1	7	1	1
771	1	8	2	\N
771	3	28	3	2
771	3	29	4	3
771	2	21	5	\N
771	4	40	6	4
771	4	39	7	\N
771	1	11	8	\N
771	1	10	9	5
771	1	12	10	6
795	1	7	0	0
795	1	6	1	\N
795	1	5	2	\N
795	1	4	3	\N
795	2	18	4	\N
795	2	17	5	1
795	2	19	6	2
795	2	20	7	\N
795	2	21	8	\N
795	2	22	9	\N
795	2	23	10	3
795	2	24	11	4
823	1	7	0	0
823	1	6	1	1
823	1	5	2	\N
823	1	4	3	\N
823	2	19	4	\N
823	2	20	5	\N
823	2	21	6	\N
823	3	30	7	2
823	3	31	8	\N
823	3	32	9	3
823	3	33	10	\N
823	4	40	11	\N
823	4	39	12	\N
823	1	11	13	\N
823	1	10	14	4
824	1	7	0	0
824	1	6	1	1
824	1	5	2	2
824	1	4	3	\N
824	2	19	4	\N
824	2	20	5	\N
824	2	21	6	3
824	3	30	7	\N
824	3	31	8	\N
824	3	32	9	4
824	3	33	10	\N
824	4	40	11	5
824	4	39	12	6
824	1	11	13	7
824	1	10	14	8
824	1	9	15	9
835	1	7	0	0
835	1	6	1	\N
835	1	5	2	1
835	1	4	3	2
835	2	19	4	3
835	2	20	5	4
835	2	21	6	\N
835	4	40	7	5
835	4	39	8	6
835	1	11	9	7
835	1	12	10	8
835	1	13	11	9
835	1	14	12	10
835	4	38	13	11
842	1	7	0	0
842	1	6	1	\N
842	1	5	2	\N
842	1	4	3	\N
842	2	19	4	1
842	2	20	5	2
842	2	21	6	3
842	4	41	7	4
842	1	8	8	\N
842	1	9	9	5
866	1	7	0	0
866	1	8	1	1
866	1	9	2	2
866	1	10	3	3
866	1	11	4	\N
866	4	39	5	4
866	4	40	6	5
866	2	21	7	\N
866	2	20	8	6
866	2	19	9	7
866	1	4	10	\N
866	1	5	11	\N
866	2	18	12	\N
866	2	17	13	8
866	2	16	14	9
869	1	7	0	0
869	1	8	1	1
869	1	9	2	\N
869	1	10	3	\N
869	1	11	4	2
869	4	39	5	\N
869	4	40	6	3
869	2	21	7	\N
869	2	20	8	4
869	2	19	9	5
869	1	4	10	\N
869	2	18	11	6
869	2	17	12	\N
869	2	22	13	\N
869	2	23	14	7
869	2	24	15	8
872	1	7	0	0
872	1	8	1	\N
872	1	9	2	\N
872	1	10	3	\N
872	1	11	4	1
872	4	39	5	\N
872	4	40	6	\N
872	2	21	7	\N
872	3	29	8	2
872	3	30	9	3
906	1	7	0	0
906	1	8	1	\N
906	3	28	2	1
906	3	29	3	2
906	2	21	4	\N
906	3	30	5	3
906	3	31	6	4
906	3	32	7	5
906	3	33	8	\N
906	4	40	9	6
906	4	39	10	\N
906	1	11	11	7
916	1	7	0	0
916	1	8	1	1
916	3	28	2	2
916	3	29	3	3
916	2	21	4	\N
916	4	40	5	4
916	4	39	6	5
916	1	11	7	6
916	1	12	8	\N
916	1	13	9	\N
916	1	14	10	\N
916	4	38	11	\N
916	4	37	12	\N
916	4	36	13	7
916	4	35	14	8
923	1	8	0	0
923	1	7	1	\N
923	1	6	2	\N
923	1	5	3	\N
923	1	4	4	1
923	1	3	5	2
964	1	8	0	0
964	1	9	1	\N
964	1	10	2	1
964	1	11	3	\N
964	1	12	4	\N
964	1	13	5	\N
964	1	14	6	\N
964	4	38	7	2
981	1	8	0	0
981	1	9	1	1
981	1	10	2	2
981	1	11	3	\N
981	4	39	4	\N
981	4	40	5	3
981	2	21	6	\N
981	2	20	7	4
981	2	19	8	\N
981	1	4	9	\N
981	1	5	10	\N
981	1	6	11	\N
981	2	18	12	5
981	2	17	13	6
983	1	8	0	0
983	1	9	1	1
983	1	10	2	2
983	1	11	3	3
983	4	39	4	\N
983	4	40	5	\N
983	2	21	6	\N
983	2	20	7	\N
983	2	19	8	4
983	1	4	9	\N
983	2	18	10	5
983	2	17	11	\N
983	2	22	12	6
989	1	8	0	0
989	1	9	1	1
989	1	10	2	2
989	1	11	3	3
989	4	39	4	\N
989	4	40	5	4
989	2	21	6	5
989	3	29	7	6
989	3	30	8	7
989	3	31	9	8
992	1	8	0	0
992	1	9	1	\N
992	1	10	2	\N
992	1	11	3	\N
992	4	39	4	\N
992	4	40	5	1
992	2	21	6	\N
992	3	29	7	2
992	3	30	8	\N
992	3	31	9	3
992	3	32	10	4
992	3	33	11	5
992	3	34	12	6
998	1	8	0	0
998	3	27	1	1
998	3	26	2	2
998	3	28	3	3
1002	1	8	0	0
1002	3	27	1	1
1002	3	26	2	\N
1002	3	28	3	\N
1002	3	29	4	\N
1002	2	21	5	2
1002	2	20	6	\N
1002	2	19	7	3
1008	1	8	0	0
1008	3	28	1	\N
1008	3	29	2	1
1008	2	21	3	\N
1008	2	20	4	\N
1008	2	19	5	\N
1008	1	4	6	2
1008	1	3	7	\N
1008	1	2	8	3
1008	1	5	9	\N
1008	1	6	10	4
1013	1	8	0	0
1013	3	28	1	\N
1013	3	29	2	\N
1013	2	21	3	1
1013	2	20	4	\N
1013	2	19	5	\N
1013	1	4	6	2
1013	2	18	7	\N
1013	2	17	8	3
1013	2	22	9	4
1022	1	8	0	0
1022	3	28	1	1
1022	3	29	2	2
1022	2	21	3	\N
1022	3	30	4	\N
1022	3	31	5	3
1022	3	32	6	\N
1022	3	33	7	\N
1022	4	40	8	4
1022	4	39	9	5
1029	1	8	0	0
1029	3	28	1	1
1029	3	29	2	2
1029	2	21	3	\N
1029	4	40	4	3
1029	4	39	5	4
1029	1	11	6	\N
1029	1	10	7	5
1029	1	12	8	6
1029	1	13	9	7
1029	1	14	10	\N
1029	1	15	11	8
1033	1	8	0	0
1033	3	28	1	\N
1033	3	29	2	\N
1033	2	21	3	1
1033	4	40	4	\N
1033	4	39	5	\N
1033	1	11	6	\N
1033	1	12	7	2
1033	1	13	8	\N
1033	1	14	9	\N
1033	4	38	10	3
1033	4	37	11	\N
1033	4	36	12	4
1033	4	35	13	5
1035	1	8	0	0
1035	3	28	1	1
1035	3	29	2	2
1035	2	21	3	3
1035	4	40	4	\N
1035	4	39	5	4
1035	1	11	6	5
1035	4	38	7	6
1035	4	37	8	7
1035	4	36	9	\N
1035	4	41	10	\N
1035	4	42	11	8
1041	1	9	0	0
1041	1	8	1	\N
1041	1	7	2	\N
1041	1	6	3	\N
1041	1	5	4	\N
1041	1	4	5	\N
1041	1	3	6	1
1044	1	9	0	0
1044	1	8	1	\N
1044	1	7	2	\N
1044	1	6	3	1
1044	1	5	4	2
1044	1	4	5	3
1044	1	3	6	4
1044	1	2	7	\N
1044	2	18	8	5
1049	1	9	0	0
1049	1	8	1	\N
1049	1	7	2	1
1049	1	6	3	2
1049	1	5	4	3
1049	1	4	5	\N
1049	2	18	6	\N
1049	2	17	7	\N
1049	2	19	8	\N
1049	2	20	9	\N
1049	2	21	10	4
1070	1	9	0	0
1070	1	8	1	\N
1070	1	7	2	1
1070	1	6	3	\N
1070	1	5	4	2
1070	1	4	5	\N
1070	2	19	6	3
1070	2	20	7	4
1070	2	21	8	5
1070	4	40	9	\N
1070	4	39	10	6
1070	1	11	11	\N
1070	1	12	12	\N
1070	1	13	13	\N
1070	1	14	14	7
1070	4	38	15	8
1070	4	37	16	9
1070	4	36	17	10
1081	1	9	0	0
1081	1	8	1	1
1081	3	27	2	\N
1081	3	26	3	2
1081	3	28	4	\N
1081	3	29	5	\N
1081	2	21	6	3
1081	2	20	7	4
1081	2	19	8	5
1088	1	9	0	0
1088	1	8	1	\N
1088	3	28	2	1
1088	3	29	3	\N
1088	2	21	4	2
1088	2	20	5	\N
1088	2	19	6	\N
1088	1	4	7	\N
1088	1	3	8	\N
1088	1	2	9	3
1088	1	5	10	\N
1088	1	6	11	4
1088	1	7	12	5
1091	1	9	0	0
1091	1	8	1	\N
1091	3	28	2	1
1091	3	29	3	\N
1091	2	21	4	2
1091	2	20	5	\N
1091	2	19	6	\N
1091	1	4	7	3
1091	1	5	8	\N
1091	1	6	9	\N
1091	2	18	10	4
1091	2	17	11	5
1091	2	16	12	6
1095	1	9	0	0
1095	1	8	1	\N
1095	3	28	2	\N
1095	3	29	3	1
1095	2	21	4	2
1095	2	22	5	3
1095	2	23	6	\N
1095	3	30	7	4
1110	1	9	0	0
1110	1	8	1	1
1110	3	28	2	\N
1110	3	29	3	2
1110	2	21	4	\N
1110	4	40	5	\N
1110	4	39	6	3
1110	1	11	7	4
1110	1	12	8	5
1110	1	13	9	\N
1110	1	14	10	6
1110	4	38	11	\N
1110	4	37	12	\N
1110	4	36	13	7
1112	1	9	0	0
1112	1	8	1	1
1112	3	28	2	2
1112	3	29	3	\N
1112	2	21	4	\N
1112	4	40	5	\N
1112	4	39	6	\N
1112	1	11	7	\N
1112	4	38	8	\N
1112	4	37	9	3
1112	4	36	10	\N
1112	4	41	11	4
1113	1	9	0	0
1113	1	8	1	\N
1113	3	28	2	\N
1113	3	29	3	\N
1113	2	21	4	\N
1113	4	40	5	1
1113	4	39	6	\N
1113	1	11	7	2
1113	4	38	8	3
1113	4	37	9	4
1113	4	36	10	5
1113	4	41	11	\N
1113	4	42	12	6
1125	1	9	0	0
1125	1	10	1	\N
1125	1	11	2	1
1125	4	38	3	\N
1125	4	37	4	2
1125	4	36	5	\N
1125	4	39	6	3
1125	4	40	7	4
1126	1	9	0	0
1126	1	10	1	1
1126	1	11	2	\N
1126	4	38	3	2
1126	4	37	4	\N
1126	4	36	5	\N
1126	4	39	6	3
1126	4	40	7	\N
1126	2	21	8	4
1128	1	9	0	0
1128	1	10	1	\N
1128	1	11	2	1
1128	4	38	3	\N
1128	4	37	4	\N
1128	4	36	5	\N
1128	4	39	6	\N
1128	4	40	7	\N
1128	2	21	8	\N
1128	2	20	9	2
1128	2	19	10	3
1158	1	9	0	0
1158	1	10	1	1
1158	1	11	2	\N
1158	4	39	3	2
1158	4	40	4	\N
1158	2	21	5	\N
1158	3	29	6	3
1158	3	28	7	4
1158	1	8	8	5
1158	1	7	9	6
1158	1	6	10	\N
1158	1	5	11	\N
1158	1	4	12	7
1158	1	3	13	\N
1158	1	2	14	8
1158	2	18	15	9
1184	1	10	0	0
1184	1	9	1	\N
1184	1	8	2	1
1184	1	7	3	\N
1184	1	6	4	2
1184	1	5	5	\N
1184	1	4	6	3
1184	1	3	7	\N
1184	1	2	8	\N
1184	2	18	9	4
1184	2	17	10	\N
1184	2	16	11	5
1191	1	10	0	0
1191	1	9	1	\N
1191	1	8	2	\N
1191	1	7	3	\N
1191	1	6	4	1
1191	1	5	5	\N
1191	1	4	6	\N
1191	2	19	7	\N
1191	2	20	8	\N
1191	2	21	9	2
1191	2	22	10	3
1191	2	23	11	\N
1191	3	29	12	4
1199	1	10	0	0
1199	1	9	1	\N
1199	1	8	2	1
1199	1	7	3	2
1199	1	6	4	3
1199	1	5	5	4
1199	1	4	6	\N
1199	2	19	7	\N
1199	2	20	8	5
1199	2	21	9	\N
1199	3	30	10	6
1199	3	31	11	7
1199	3	32	12	8
1199	3	33	13	\N
1199	4	40	14	\N
1199	4	39	15	9
1205	1	10	0	0
1205	1	9	1	1
1205	1	8	2	\N
1205	1	7	3	2
1205	1	6	4	\N
1205	1	5	5	\N
1205	1	4	6	3
1205	2	19	7	\N
1205	2	20	8	4
1205	2	21	9	5
1205	4	40	10	\N
1205	4	39	11	\N
1205	1	11	12	\N
1205	1	12	13	\N
1205	1	13	14	\N
1205	1	14	15	6
1205	4	38	16	7
1207	1	10	0	0
1207	1	9	1	1
1207	1	8	2	2
1207	1	7	3	3
1207	1	6	4	\N
1207	1	5	5	4
1207	1	4	6	5
1207	2	19	7	\N
1207	2	20	8	\N
1207	2	21	9	\N
1207	4	40	10	\N
1207	4	39	11	6
1207	1	11	12	7
1207	1	12	13	8
1207	1	13	14	9
1207	1	14	15	10
1207	4	38	16	11
1207	4	37	17	\N
1207	4	36	18	12
1212	1	10	0	0
1212	1	9	1	1
1212	1	8	2	\N
1212	1	7	3	\N
1212	1	6	4	2
1212	1	5	5	3
1212	1	4	6	4
1212	2	19	7	\N
1212	2	20	8	\N
1212	2	21	9	5
1212	4	41	10	\N
1212	3	27	11	6
1212	3	26	12	7
1213	1	10	0	0
1213	1	9	1	1
1213	1	8	2	\N
1213	1	7	3	\N
1213	1	6	4	2
1213	1	5	5	\N
1213	1	4	6	\N
1213	2	19	7	\N
1213	2	20	8	\N
1213	2	21	9	3
1213	4	41	10	\N
1213	3	27	11	4
1213	3	26	12	5
1213	3	25	13	6
1220	1	10	0	0
1220	1	9	1	\N
1220	1	8	2	1
1220	3	27	3	\N
1220	3	26	4	2
1220	3	28	5	\N
1220	3	29	6	\N
1220	2	21	7	\N
1220	2	20	8	\N
1220	2	19	9	3
1220	1	4	10	4
1220	1	3	11	5
1241	1	10	0	0
1241	1	9	1	\N
1241	1	8	2	1
1241	3	28	3	\N
1241	3	29	4	2
1241	2	21	5	\N
1241	3	30	6	3
1241	3	31	7	\N
1241	3	32	8	4
1241	3	33	9	\N
1241	4	40	10	5
1241	4	39	11	\N
1241	1	11	12	6
1241	1	12	13	7
1241	1	13	14	8
1251	1	10	0	0
1251	1	9	1	\N
1251	1	8	2	\N
1251	3	28	3	1
1251	3	29	4	\N
1251	2	21	5	2
1251	4	41	6	\N
1251	1	11	7	3
1251	1	12	8	4
1266	1	10	0	0
1266	1	11	1	1
1266	4	38	2	\N
1266	4	37	3	2
1266	4	36	4	\N
1266	4	39	5	3
1266	4	40	6	4
1266	2	21	7	\N
1266	2	20	8	5
1266	2	19	9	6
1266	1	4	10	\N
1266	1	3	11	\N
1266	1	2	12	7
1278	1	10	0	0
1278	1	11	1	\N
1278	4	39	2	1
1278	4	40	3	\N
1278	2	21	4	\N
1278	2	20	5	\N
1278	2	19	6	\N
1278	1	4	7	\N
1278	1	5	8	\N
1278	1	6	9	\N
1278	1	7	10	\N
1278	1	8	11	2
1278	3	28	12	3
1278	2	18	13	4
1280	1	10	0	0
1280	1	11	1	1
1280	4	39	2	2
1280	4	40	3	3
1280	2	21	4	\N
1280	2	20	5	\N
1280	2	19	6	\N
1280	1	4	7	\N
1280	1	5	8	4
1280	1	6	9	\N
1280	1	7	10	5
1280	1	8	11	\N
1280	3	28	12	6
1280	2	18	13	\N
1280	2	17	14	\N
1280	2	16	15	7
1284	1	10	0	0
1284	1	11	1	\N
1284	4	39	2	1
1284	4	40	3	2
1284	2	21	4	\N
1284	2	22	5	\N
1284	2	23	6	\N
1284	3	29	7	3
1290	1	10	0	0
1290	1	11	1	\N
1290	4	39	2	\N
1290	4	40	3	1
1290	2	21	4	2
1290	2	22	5	3
1290	2	23	6	\N
1290	3	29	7	\N
1290	3	28	8	4
1290	1	8	9	5
1290	1	7	10	6
1290	1	6	11	7
1290	1	5	12	8
1290	1	4	13	9
1317	1	11	0	0
1317	1	10	1	1
1317	1	9	2	\N
1317	1	8	3	2
1317	1	7	4	3
1317	1	6	5	\N
1317	1	5	6	\N
1317	1	4	7	4
1317	1	3	8	5
1364	1	11	0	0
1364	1	10	1	1
1364	1	9	2	2
1364	1	8	3	3
1364	3	28	4	4
1364	3	29	5	\N
1364	2	21	6	\N
1364	2	22	7	5
1364	2	23	8	\N
1364	3	30	9	\N
1364	3	31	10	6
1364	3	32	11	7
1364	3	33	12	8
1370	1	11	0	0
1370	1	10	1	\N
1370	1	9	2	1
1370	1	8	3	2
1370	3	28	4	3
1370	3	29	5	4
1370	2	21	6	\N
1370	4	41	7	\N
1370	1	12	8	5
1380	1	11	0	0
1380	4	38	1	1
1380	4	37	2	2
1380	4	36	3	\N
1380	4	39	4	3
1380	4	40	5	4
1380	2	21	6	5
1393	1	11	0	0
1393	4	39	1	1
1393	4	40	2	\N
1393	2	21	3	2
1393	2	20	4	3
1393	2	19	5	4
1393	1	4	6	5
1393	1	5	7	6
1393	1	6	8	\N
1393	1	7	9	7
1393	1	8	10	8
1393	1	9	11	9
1393	3	27	12	10
1402	1	11	0	0
1402	4	39	1	1
1402	4	40	2	2
1402	2	21	3	\N
1402	2	20	4	3
1402	2	19	5	4
1402	1	4	6	\N
1402	2	18	7	\N
1402	2	17	8	5
1402	2	22	9	6
1402	2	23	10	7
1407	1	11	0	0
1407	4	39	1	\N
1407	4	40	2	\N
1407	2	21	3	\N
1407	2	22	4	1
1407	2	23	5	2
1407	3	29	6	3
1407	3	28	7	4
1407	1	8	8	\N
1407	1	7	9	5
1410	1	11	0	0
1410	4	39	1	1
1410	4	40	2	\N
1410	2	21	3	\N
1410	2	22	4	2
1410	2	23	5	3
1410	3	29	6	\N
1410	3	28	7	4
1410	1	8	8	\N
1410	1	7	9	\N
1410	1	6	10	5
1410	1	5	11	\N
1410	1	4	12	6
1412	1	11	0	0
1412	4	39	1	1
1412	4	40	2	2
1412	2	21	3	3
1412	2	22	4	\N
1412	2	23	5	\N
1412	3	29	6	4
1412	3	28	7	5
1412	1	8	8	\N
1412	1	7	9	\N
1412	1	6	10	\N
1412	1	5	11	\N
1412	1	4	12	6
1412	1	3	13	7
1412	1	2	14	8
1418	1	11	0	0
1418	4	39	1	1
1418	4	40	2	\N
1418	2	21	3	2
1418	3	29	4	3
1418	3	28	5	4
1418	1	8	6	5
1418	1	7	7	\N
1418	1	6	8	6
1418	1	5	9	7
1418	1	4	10	\N
1418	2	18	11	8
1418	2	17	12	\N
1418	2	19	13	\N
1418	2	20	14	9
1432	1	12	0	0
1432	1	11	1	\N
1432	1	10	2	1
1448	1	12	0	0
1448	1	11	1	1
1448	1	10	2	\N
1448	1	9	3	2
1448	1	8	4	\N
1448	1	7	5	\N
1448	1	6	6	3
1448	1	5	7	\N
1448	1	4	8	4
1448	2	18	9	\N
1448	2	17	10	\N
1448	2	19	11	\N
1448	2	20	12	5
1448	2	21	13	\N
1448	2	22	14	6
1451	1	12	0	0
1451	1	11	1	1
1451	1	10	2	\N
1451	1	9	3	\N
1451	1	8	4	2
1451	1	7	5	\N
1451	1	6	6	3
1451	1	5	7	\N
1451	1	4	8	\N
1451	2	19	9	4
1451	2	20	10	\N
1451	2	21	11	\N
1451	2	22	12	\N
1451	2	23	13	5
1451	3	29	14	6
1463	1	12	0	0
1463	1	11	1	\N
1463	1	10	2	1
1463	1	9	3	\N
1463	1	8	4	2
1463	1	7	5	\N
1463	1	6	6	\N
1463	1	5	7	\N
1463	1	4	8	3
1463	2	19	9	4
1463	2	20	10	5
1463	2	21	11	\N
1463	4	41	12	6
1463	3	27	13	\N
1463	3	26	14	7
1464	1	12	0	0
1464	1	11	1	\N
1464	1	10	2	\N
1464	1	9	3	\N
1464	1	8	4	1
1464	1	7	5	\N
1464	1	6	6	\N
1464	1	5	7	\N
1464	1	4	8	\N
1464	2	19	9	\N
1464	2	20	10	\N
1464	2	21	11	2
1464	4	41	12	3
1464	3	27	13	4
1464	3	26	14	5
1464	3	25	15	6
1487	1	12	0	0
1487	1	11	1	1
1487	1	10	2	\N
1487	1	9	3	\N
1487	1	8	4	2
1487	3	28	5	3
1487	3	29	6	\N
1487	2	21	7	4
1487	2	22	8	\N
1487	2	23	9	5
1487	3	30	10	6
1487	3	31	11	\N
1487	3	32	12	\N
1487	3	33	13	7
1487	3	34	14	8
1488	1	12	0	0
1488	1	11	1	1
1488	1	10	2	\N
1488	1	9	3	2
1488	1	8	4	3
1488	3	28	5	\N
1488	3	29	6	\N
1488	2	21	7	4
1488	3	30	8	5
1488	3	31	9	\N
1488	3	32	10	6
1488	3	33	11	\N
1488	4	40	12	7
1494	1	12	0	0
1494	1	11	1	1
1494	1	10	2	2
1494	1	9	3	3
1494	1	8	4	4
1494	3	28	5	5
1494	3	29	6	6
1494	2	21	7	\N
1494	4	41	8	7
1494	4	38	9	\N
1494	4	37	10	8
1494	4	36	11	9
1506	1	12	0	0
1506	1	11	1	\N
1506	4	39	2	\N
1506	4	40	3	\N
1506	2	21	4	\N
1506	2	20	5	1
1506	2	19	6	2
1506	1	4	7	3
1506	1	3	8	4
1506	1	2	9	5
1506	1	5	10	\N
1506	1	6	11	6
1508	1	12	0	0
1508	1	11	1	1
1508	4	39	2	\N
1508	4	40	3	2
1508	2	21	4	3
1508	2	20	5	\N
1508	2	19	6	\N
1508	1	4	7	4
1508	1	3	8	5
1508	1	2	9	\N
1508	1	5	10	\N
1508	1	6	11	\N
1508	1	7	12	6
1508	1	8	13	7
1515	1	12	0	0
1515	1	11	1	1
1515	4	39	2	2
1515	4	40	3	\N
1515	2	21	4	\N
1515	2	20	5	3
1515	2	19	6	4
1515	1	4	7	5
1515	1	5	8	\N
1515	1	6	9	6
1515	1	7	10	7
1515	1	8	11	\N
1515	3	27	12	8
1515	3	26	13	9
1515	3	28	14	\N
1515	3	29	15	10
1522	1	12	0	0
1522	1	11	1	\N
1522	4	39	2	\N
1522	4	40	3	1
1522	2	21	4	2
1522	2	22	5	\N
1522	2	23	6	3
1522	3	29	7	4
1535	1	12	0	0
1535	1	11	1	\N
1535	4	39	2	1
1535	4	40	3	\N
1535	2	21	4	\N
1535	3	29	5	2
1535	3	28	6	\N
1535	1	8	7	\N
1535	1	7	8	\N
1535	1	6	9	3
1535	1	5	10	4
1535	1	4	11	\N
1535	2	18	12	5
1535	2	17	13	6
1535	2	19	14	7
1536	1	12	0	0
1536	1	11	1	\N
1536	4	39	2	\N
1536	4	40	3	\N
1536	2	21	4	\N
1536	3	29	5	\N
1536	3	28	6	\N
1536	1	8	7	1
1536	1	7	8	2
1536	1	6	9	3
1536	1	5	10	4
1536	1	4	11	\N
1536	2	18	12	\N
1536	2	17	13	5
1536	2	19	14	6
1536	2	20	15	7
1546	1	12	0	0
1546	1	11	1	1
1546	4	39	2	\N
1546	4	40	3	2
1546	2	21	4	3
1546	3	29	5	4
1546	3	28	6	\N
1546	1	8	7	\N
1546	3	27	8	5
1546	3	26	9	\N
1546	3	30	10	6
1546	3	31	11	\N
1546	3	32	12	\N
1546	3	33	13	\N
1546	3	34	14	7
1547	1	12	0	0
1547	1	11	1	1
1547	4	39	2	\N
1547	4	40	3	2
1547	2	21	4	3
1547	3	30	5	4
1547	3	31	6	5
1547	3	32	7	\N
1547	3	33	8	\N
1547	4	41	9	6
1552	1	13	0	0
1552	1	12	1	1
1556	1	13	0	0
1556	1	12	1	1
1556	1	11	2	2
1556	1	10	3	3
1556	1	9	4	4
1556	1	8	5	5
1562	1	13	0	0
1562	1	12	1	\N
1562	1	11	2	\N
1562	1	10	3	\N
1562	1	9	4	1
1562	1	8	5	\N
1562	1	7	6	2
1562	1	6	7	3
1562	1	5	8	4
1562	1	4	9	\N
1562	1	3	10	5
1562	1	2	11	6
1569	1	13	0	0
1569	1	12	1	\N
1569	1	11	2	\N
1569	1	10	3	\N
1569	1	9	4	1
1569	1	8	5	2
1569	1	7	6	\N
1569	1	6	7	\N
1569	1	5	8	\N
1569	1	4	9	\N
1569	2	18	10	\N
1569	2	17	11	3
1569	2	19	12	4
1569	2	20	13	\N
1569	2	21	14	5
1578	1	13	0	0
1578	1	12	1	\N
1578	1	11	2	\N
1578	1	10	3	1
1578	1	9	4	\N
1578	1	8	5	\N
1578	1	7	6	2
1578	1	6	7	3
1578	1	5	8	4
1578	1	4	9	5
1578	2	19	10	6
1578	2	20	11	7
1578	2	21	12	\N
1578	3	29	13	\N
1578	3	30	14	8
1578	3	31	15	\N
1578	3	32	16	\N
1578	3	33	17	9
1630	1	13	0	0
1630	1	12	1	1
1630	1	11	2	\N
1630	4	39	3	\N
1630	4	40	4	2
1630	2	21	5	3
1630	2	20	6	\N
1630	2	19	7	4
1630	1	4	8	5
1630	1	3	9	6
1630	1	2	10	7
1630	1	5	11	8
1630	1	6	12	\N
1630	1	7	13	\N
1630	1	8	14	9
1646	1	13	0	0
1646	1	12	1	\N
1646	1	11	2	1
1646	4	39	3	\N
1646	4	40	4	2
1646	2	21	5	\N
1646	2	22	6	3
1646	2	23	7	4
1646	3	29	8	5
1646	3	28	9	\N
1646	1	8	10	6
1666	1	13	0	0
1666	1	12	1	1
1666	1	11	2	\N
1666	4	39	3	2
1666	4	40	4	\N
1666	2	21	5	\N
1666	3	29	6	3
1666	3	28	7	4
1666	1	8	8	\N
1666	3	27	9	\N
1666	3	26	10	5
1666	3	30	11	\N
1666	3	31	12	\N
1666	3	32	13	6
1669	1	13	0	0
1669	1	12	1	1
1669	1	11	2	\N
1669	4	39	3	2
1669	4	40	4	3
1669	2	21	5	\N
1669	3	30	6	\N
1669	3	31	7	4
1669	3	32	8	5
1669	3	33	9	6
1669	4	41	10	7
1670	1	13	0	0
1670	1	12	1	\N
1670	1	11	2	\N
1670	4	39	3	1
1670	4	40	4	\N
1670	2	21	5	\N
1670	3	30	6	2
1670	3	31	7	3
1670	3	32	8	4
1670	3	33	9	\N
1670	4	41	10	5
1670	4	42	11	6
1676	1	14	0	0
1676	1	13	1	1
1676	1	12	2	\N
1676	1	11	3	2
1676	1	10	4	3
1677	1	14	0	0
1677	1	13	1	1
1677	1	12	2	\N
1677	1	11	3	2
1677	1	10	4	\N
1677	1	9	5	3
1690	1	14	0	0
1690	1	13	1	1
1690	1	12	2	2
1690	1	11	3	3
1690	1	10	4	4
1690	1	9	5	5
1690	1	8	6	\N
1690	1	7	7	\N
1690	1	6	8	\N
1690	1	5	9	\N
1690	1	4	10	\N
1690	2	18	11	\N
1690	2	17	12	6
1690	2	19	13	\N
1690	2	20	14	7
1697	1	14	0	0
1697	1	13	1	1
1697	1	12	2	2
1697	1	11	3	\N
1697	1	10	4	\N
1697	1	9	5	\N
1697	1	8	6	\N
1697	1	7	7	\N
1697	1	6	8	\N
1697	1	5	9	\N
1697	1	4	10	\N
1697	2	19	11	3
1697	2	20	12	\N
1697	2	21	13	\N
1697	3	29	14	4
1697	3	30	15	5
1704	1	14	0	0
1704	1	13	1	\N
1704	1	12	2	\N
1704	1	11	3	1
1704	1	10	4	2
1704	1	9	5	3
1704	1	8	6	\N
1704	1	7	7	\N
1704	1	6	8	\N
1704	1	5	9	4
1704	1	4	10	5
1704	2	19	11	\N
1704	2	20	12	\N
1704	2	21	13	\N
1704	4	40	14	6
1704	4	41	15	7
1707	1	14	0	0
1707	1	13	1	1
1707	1	12	2	2
1707	1	11	3	\N
1707	1	10	4	3
1707	1	9	5	\N
1707	1	8	6	4
1707	1	7	7	5
1707	1	6	8	\N
1707	1	5	9	6
1707	1	4	10	7
1707	2	19	11	8
1707	2	20	12	9
1707	2	21	13	10
1707	4	41	14	11
1707	3	27	15	\N
1707	3	26	16	12
1713	1	14	0	0
1713	1	13	1	\N
1713	1	12	2	\N
1713	1	11	3	1
1713	1	10	4	\N
1713	1	9	5	\N
1713	1	8	6	\N
1713	3	27	7	2
1713	3	26	8	\N
1713	3	28	9	3
1713	3	29	10	4
1713	2	21	11	\N
1713	2	20	12	\N
1713	2	19	13	5
1746	1	14	0	0
1746	1	13	1	\N
1746	1	12	2	\N
1746	1	11	3	1
1746	4	38	4	\N
1746	4	37	5	\N
1746	4	36	6	\N
1746	4	39	7	\N
1746	4	40	8	2
1746	2	21	9	3
1746	2	20	10	4
1746	2	19	11	5
1746	1	4	12	\N
1746	1	3	13	6
1757	1	14	0	0
1757	1	13	1	1
1757	1	12	2	\N
1757	1	11	3	\N
1757	4	39	4	\N
1757	4	40	5	\N
1757	2	21	6	\N
1757	2	20	7	\N
1757	2	19	8	2
1757	1	4	9	\N
1757	1	5	10	\N
1757	1	6	11	3
1757	1	7	12	\N
1757	1	8	13	4
1757	1	9	14	\N
1757	3	27	15	\N
1757	3	26	16	\N
1757	3	25	17	5
1758	1	14	0	0
1758	1	13	1	\N
1758	1	12	2	1
1758	1	11	3	2
1758	4	39	4	\N
1758	4	40	5	3
1758	2	21	6	\N
1758	2	20	7	4
1758	2	19	8	5
1758	1	4	9	\N
1758	1	5	10	6
1758	1	6	11	7
1758	1	7	12	8
1758	1	8	13	9
1758	3	27	14	10
1758	3	26	15	\N
1758	3	28	16	11
1765	1	14	0	0
1765	1	13	1	\N
1765	1	12	2	1
1765	1	11	3	2
1765	4	39	4	\N
1765	4	40	5	\N
1765	2	21	6	\N
1765	2	20	7	\N
1765	2	19	8	\N
1765	1	4	9	\N
1765	2	18	10	3
1765	2	17	11	4
1765	2	22	12	5
1765	2	23	13	\N
1765	2	24	14	6
1774	1	14	0	0
1774	1	13	1	1
1774	1	12	2	\N
1774	1	11	3	\N
1774	4	39	4	\N
1774	4	40	5	2
1774	2	21	6	\N
1774	2	22	7	\N
1774	2	23	8	3
1774	3	29	9	4
1774	3	28	10	\N
1774	1	8	11	\N
1774	1	7	12	5
1774	1	6	13	6
1774	1	5	14	\N
1774	1	4	15	\N
1774	1	3	16	\N
1774	1	2	17	7
1780	1	14	0	0
1780	1	13	1	\N
1780	1	12	2	\N
1780	1	11	3	\N
1780	4	39	4	1
1780	4	40	5	\N
1780	2	21	6	2
1780	3	29	7	3
1780	3	28	8	\N
1780	1	8	9	4
1780	1	7	10	\N
1780	1	6	11	5
1780	1	5	12	\N
1780	1	4	13	\N
1780	2	18	14	\N
1780	2	17	15	6
1780	2	19	16	\N
1780	2	20	17	7
1781	1	14	0	0
1781	1	13	1	1
1781	1	12	2	\N
1781	1	11	3	2
1781	4	39	4	3
1781	4	40	5	4
1781	2	21	6	\N
1781	3	29	7	\N
1781	3	28	8	\N
1781	1	8	9	\N
1781	1	7	10	5
1781	1	6	11	\N
1781	1	5	12	\N
1781	1	4	13	\N
1781	2	19	14	\N
1781	1	9	15	6
1784	1	14	0	0
1784	1	13	1	1
1784	1	12	2	\N
1784	1	11	3	2
1784	4	39	4	3
1784	4	40	5	\N
1784	2	21	6	4
1784	3	29	7	\N
1784	3	28	8	5
1784	1	8	9	6
1784	1	9	10	\N
1784	3	27	11	\N
1784	3	26	12	7
1793	1	14	0	0
1793	1	13	1	1
1793	1	12	2	\N
1793	1	11	3	\N
1793	4	39	4	2
1793	4	40	5	\N
1793	2	21	6	\N
1793	4	41	7	\N
1793	1	15	8	3
1795	1	15	0	0
1795	1	14	1	1
1795	1	13	2	2
1815	1	15	0	0
1815	1	14	1	\N
1815	1	13	2	\N
1815	1	12	3	1
1815	1	11	4	\N
1815	1	10	5	\N
1815	1	9	6	2
1815	1	8	7	\N
1815	1	7	8	3
1815	1	6	9	\N
1815	1	5	10	4
1815	1	4	11	\N
1815	2	18	12	5
1815	2	17	13	6
1815	2	19	14	7
1815	2	20	15	8
1815	2	21	16	9
1815	2	22	17	10
1815	2	23	18	11
1817	1	15	0	0
1817	1	14	1	\N
1817	1	13	2	\N
1817	1	12	3	\N
1817	1	11	4	\N
1817	1	10	5	1
1817	1	9	6	2
1817	1	8	7	3
1817	1	7	8	4
1817	1	6	9	\N
1817	1	5	10	\N
1817	1	4	11	\N
1817	2	19	12	5
1817	2	20	13	\N
1817	2	21	14	\N
1817	2	22	15	6
1817	2	23	16	7
1817	3	29	17	8
1824	1	15	0	0
1824	1	14	1	\N
1824	1	13	2	\N
1824	1	12	3	1
1824	1	11	4	2
1824	1	10	5	\N
1824	1	9	6	3
1824	1	8	7	4
1824	1	7	8	\N
1824	1	6	9	\N
1824	1	5	10	5
1824	1	4	11	\N
1824	2	19	12	6
1824	2	20	13	7
1824	2	21	14	\N
1824	3	30	15	\N
1824	3	31	16	8
1824	3	32	17	\N
1824	3	33	18	9
1824	4	40	19	10
1830	1	15	0	0
1830	1	14	1	1
1830	1	13	2	\N
1830	1	12	3	2
1830	1	11	4	\N
1830	1	10	5	\N
1830	1	9	6	\N
1830	1	8	7	3
1830	1	7	8	4
1830	1	6	9	5
1830	1	5	10	6
1830	1	4	11	7
1830	2	19	12	8
1830	2	20	13	9
1830	2	21	14	10
1830	4	41	15	11
1830	3	27	16	12
1830	3	26	17	13
1830	3	25	18	14
1840	1	15	0	0
1840	1	14	1	\N
1840	1	13	2	1
1840	1	12	3	2
1840	1	11	4	\N
1840	1	10	5	3
1840	1	9	6	4
1840	1	8	7	\N
1840	3	28	8	5
1840	3	29	9	6
1840	2	21	10	7
1840	2	20	11	8
1840	2	19	12	9
1840	1	4	13	\N
1840	1	3	14	10
1840	1	2	15	11
1840	1	5	16	12
1842	1	15	0	0
1842	1	14	1	\N
1842	1	13	2	1
1842	1	12	3	\N
1842	1	11	4	2
1842	1	10	5	3
1842	1	9	6	\N
1842	1	8	7	4
1842	3	28	8	5
1842	3	29	9	\N
1842	2	21	10	6
1842	2	20	11	7
1842	2	19	12	\N
1842	1	4	13	\N
1842	1	3	14	\N
1842	1	2	15	\N
1842	1	5	16	\N
1842	1	6	17	\N
1842	1	7	18	8
1843	1	15	0	0
1843	1	14	1	1
1843	1	13	2	\N
1843	1	12	3	\N
1843	1	11	4	\N
1843	1	10	5	2
1843	1	9	6	3
1843	1	8	7	4
1843	3	28	8	\N
1843	3	29	9	5
1843	2	21	10	6
1843	2	20	11	\N
1843	2	19	12	\N
1843	1	4	13	\N
1843	1	5	14	\N
1843	1	6	15	\N
1843	2	18	16	7
1844	1	15	0	0
1844	1	14	1	\N
1844	1	13	2	1
1844	1	12	3	2
1844	1	11	4	3
1844	1	10	5	4
1844	1	9	6	5
1844	1	8	7	6
1844	3	28	8	7
1844	3	29	9	\N
1844	2	21	10	\N
1844	2	20	11	\N
1844	2	19	12	8
1844	1	4	13	9
1844	1	5	14	\N
1844	1	6	15	\N
1844	2	18	16	\N
1844	2	17	17	10
1846	1	15	0	0
1846	1	14	1	1
1846	1	13	2	\N
1846	1	12	3	\N
1846	1	11	4	\N
1846	1	10	5	2
1846	1	9	6	3
1846	1	8	7	4
1846	3	28	8	5
1846	3	29	9	\N
1846	2	21	10	\N
1846	2	20	11	6
1846	2	19	12	7
1846	1	4	13	\N
1846	2	18	14	8
1846	2	17	15	\N
1846	2	22	16	9
1858	1	15	0	0
1858	1	14	1	\N
1858	1	13	2	\N
1858	1	12	3	\N
1858	1	11	4	1
1858	1	10	5	\N
1858	1	9	6	2
1858	1	8	7	3
1858	3	28	8	\N
1858	3	29	9	\N
1858	2	21	10	\N
1858	4	41	11	4
1858	4	38	12	5
1871	1	15	0	0
1871	1	14	1	1
1871	1	13	2	2
1871	1	12	3	3
1871	1	11	4	4
1871	4	39	5	\N
1871	4	40	6	5
1871	2	21	7	\N
1871	2	20	8	6
1871	2	19	9	\N
1871	1	4	10	7
1871	1	3	11	8
1871	1	2	12	\N
1871	1	5	13	9
1896	1	15	0	0
1896	1	14	1	\N
1896	1	13	2	1
1896	1	12	3	\N
1896	1	11	4	2
1896	4	39	5	\N
1896	4	40	6	\N
1896	2	21	7	\N
1896	2	22	8	\N
1896	2	23	9	\N
1896	3	29	10	3
1896	3	28	11	4
1896	1	8	12	5
1896	1	7	13	6
1896	1	6	14	\N
1896	1	5	15	\N
1896	1	4	16	7
1896	1	3	17	8
1896	1	2	18	9
1902	1	15	0	0
1902	1	14	1	\N
1902	1	13	2	\N
1902	1	12	3	\N
1902	1	11	4	\N
1902	4	39	5	\N
1902	4	40	6	\N
1902	2	21	7	\N
1902	3	29	8	\N
1902	3	28	9	1
1902	1	8	10	\N
1902	1	7	11	\N
1902	1	6	12	2
1902	1	5	13	\N
1902	1	4	14	\N
1902	2	18	15	\N
1902	2	17	16	\N
1902	2	19	17	\N
1902	2	20	18	3
1906	1	15	0	0
1906	1	14	1	1
1906	1	13	2	\N
1906	1	12	3	\N
1906	1	11	4	\N
1906	4	39	5	2
1906	4	40	6	\N
1906	2	21	7	3
1906	3	29	8	4
1906	3	28	9	5
1906	1	8	10	\N
1906	1	9	11	6
1906	3	27	12	7
1906	3	26	13	8
1926	2	16	0	0
1926	2	17	1	\N
1926	2	18	2	\N
1926	1	4	3	1
1926	1	3	4	2
1926	1	2	5	3
1926	1	5	6	\N
1926	1	6	7	4
1926	1	7	8	\N
1926	1	8	9	\N
1926	1	9	10	5
1926	1	10	11	6
1930	2	16	0	0
1930	2	17	1	1
1930	2	18	2	\N
1930	1	4	3	2
1930	1	3	4	\N
1930	1	2	5	3
1930	1	5	6	\N
1930	1	6	7	4
1930	1	7	8	\N
1930	1	8	9	5
1930	1	9	10	6
1930	1	10	11	\N
1930	1	11	12	7
1930	1	12	13	\N
1930	1	13	14	8
1930	1	14	15	9
1940	2	16	0	0
1940	2	17	1	\N
1940	2	18	2	1
1940	1	4	3	2
1940	1	5	4	3
1940	1	6	5	4
1940	1	7	6	\N
1940	1	8	7	\N
1940	1	9	8	5
1940	1	10	9	6
1940	1	11	10	\N
1940	4	38	11	\N
1940	4	37	12	\N
1940	4	36	13	\N
1940	4	39	14	\N
1940	4	40	15	7
1940	2	21	16	\N
1940	2	20	17	8
1940	2	19	18	9
1953	2	16	0	0
1953	2	17	1	1
1953	2	18	2	2
1953	1	4	3	3
1953	1	5	4	\N
1953	1	6	5	\N
1953	1	7	6	\N
1953	1	8	7	4
1953	1	9	8	\N
1953	1	10	9	\N
1953	1	11	10	5
1953	4	39	11	6
1953	4	40	12	\N
1953	2	21	13	\N
1953	4	41	14	7
1953	3	27	15	8
1961	2	16	0	0
1961	2	17	1	1
1961	2	18	2	2
1961	1	4	3	\N
1961	1	5	4	\N
1961	1	6	5	3
1961	1	7	6	4
1961	1	8	7	5
1961	3	28	8	\N
1961	3	29	9	6
1961	2	21	10	\N
1961	2	20	11	7
1961	2	22	12	8
1975	2	16	0	0
1975	2	17	1	\N
1975	2	18	2	1
1975	1	4	3	\N
1975	1	5	4	\N
1975	1	6	5	2
1975	1	7	6	3
1975	1	8	7	\N
1975	3	28	8	\N
1975	3	29	9	4
1975	2	21	10	5
1975	4	40	11	\N
1975	4	39	12	6
1975	1	11	13	\N
1975	1	10	14	\N
1975	1	12	15	\N
1975	1	13	16	7
2046	2	17	0	0
2046	2	18	1	\N
2046	1	4	2	1
2046	1	5	3	2
2046	1	6	4	3
2046	1	7	5	\N
2046	1	8	6	4
2046	3	28	7	\N
2046	3	29	8	\N
2046	2	21	9	5
2046	4	40	10	6
2046	4	39	11	7
2046	1	11	12	\N
2046	1	10	13	\N
2046	1	12	14	\N
2046	1	13	15	8
2048	2	17	0	0
2048	2	18	1	\N
2048	1	4	2	1
2048	1	5	3	2
2048	1	6	4	\N
2048	1	7	5	3
2048	1	8	6	\N
2048	3	28	7	\N
2048	3	29	8	\N
2048	2	21	9	4
2048	4	40	10	\N
2048	4	39	11	\N
2048	1	11	12	5
2048	1	10	13	\N
2048	1	12	14	\N
2048	1	13	15	\N
2048	1	14	16	\N
2048	1	15	17	6
2052	2	17	0	0
2052	2	18	1	1
2052	1	4	2	2
2052	1	5	3	\N
2052	1	6	4	3
2052	1	7	5	4
2052	1	8	6	\N
2052	3	28	7	\N
2052	3	29	8	\N
2052	2	21	9	\N
2052	4	40	10	5
2052	4	39	11	6
2052	1	11	12	\N
2052	1	12	13	\N
2052	1	13	14	\N
2052	1	14	15	\N
2052	4	38	16	\N
2052	4	37	17	7
2052	4	36	18	8
2052	4	35	19	9
2062	2	18	0	0
2062	1	4	1	\N
2062	1	3	2	1
2062	1	2	3	2
2062	1	5	4	3
2062	1	6	5	4
2064	2	18	0	0
2064	1	4	1	1
2064	1	3	2	\N
2064	1	2	3	2
2064	1	5	4	\N
2064	1	6	5	\N
2064	1	7	6	3
2064	1	8	7	4
2068	2	18	0	0
2068	1	4	1	1
2068	1	3	2	2
2068	1	2	3	\N
2068	1	5	4	\N
2068	1	6	5	\N
2068	1	7	6	\N
2068	1	8	7	\N
2068	1	9	8	\N
2068	1	10	9	3
2068	1	11	10	\N
2068	1	12	11	4
2071	2	18	0	0
2071	1	4	1	1
2071	1	3	2	\N
2071	1	2	3	\N
2071	1	5	4	2
2071	1	6	5	3
2071	1	7	6	\N
2071	1	8	7	4
2071	1	9	8	5
2071	1	10	9	\N
2071	1	11	10	6
2071	1	12	11	\N
2071	1	13	12	7
2071	1	14	13	\N
2071	1	15	14	8
2074	2	18	0	0
2074	1	4	1	1
2074	1	5	2	2
2074	1	6	3	3
2074	1	7	4	4
2074	1	8	5	5
2074	1	9	6	\N
2074	1	10	7	6
2074	1	11	8	7
2074	1	12	9	8
2074	1	13	10	\N
2074	1	14	11	9
2074	4	38	12	\N
2074	4	37	13	10
2074	4	36	14	11
2080	2	18	0	0
2080	1	4	1	\N
2080	1	5	2	1
2080	1	6	3	2
2080	1	7	4	3
2080	1	8	5	\N
2080	1	9	6	4
2080	1	10	7	\N
2080	1	11	8	5
2080	4	38	9	6
2080	4	37	10	7
2080	4	36	11	\N
2080	4	39	12	8
2080	4	40	13	9
2080	2	21	14	10
2080	2	20	15	\N
2080	2	19	16	11
2098	2	18	0	0
2098	1	4	1	1
2098	1	5	2	\N
2098	1	6	3	\N
2098	1	7	4	2
2098	1	8	5	\N
2098	3	27	6	\N
2098	3	26	7	3
2098	3	28	8	\N
2098	3	29	9	4
2098	2	21	10	5
2101	2	18	0	0
2101	1	4	1	1
2101	1	5	2	2
2101	1	6	3	3
2101	1	7	4	\N
2101	1	8	5	\N
2101	3	28	6	\N
2101	3	29	7	\N
2101	2	21	8	\N
2101	2	20	9	\N
2101	2	22	10	4
2102	2	18	0	0
2102	1	4	1	\N
2102	1	5	2	\N
2102	1	6	3	1
2102	1	7	4	\N
2102	1	8	5	2
2102	3	28	6	3
2102	3	29	7	\N
2102	2	21	8	4
2102	2	20	9	\N
2102	2	22	10	5
2102	2	23	11	6
2106	2	18	0	0
2106	1	4	1	\N
2106	1	5	2	1
2106	1	6	3	\N
2106	1	7	4	2
2106	1	8	5	\N
2106	3	28	6	\N
2106	3	29	7	\N
2106	2	21	8	3
2106	2	22	9	\N
2106	2	23	10	4
2106	3	30	11	5
2106	3	31	12	6
2106	3	32	13	7
2107	2	18	0	0
2107	1	4	1	1
2107	1	5	2	2
2107	1	6	3	\N
2107	1	7	4	\N
2107	1	8	5	\N
2107	3	28	6	\N
2107	3	29	7	\N
2107	2	21	8	\N
2107	2	22	9	\N
2107	2	23	10	\N
2107	3	30	11	\N
2107	3	31	12	\N
2107	3	32	13	3
2107	3	33	14	4
2144	2	19	0	0
2144	1	4	1	\N
2144	1	5	2	\N
2144	1	6	3	\N
2144	1	7	4	\N
2144	1	8	5	1
2144	1	9	6	2
2144	1	10	7	3
2144	1	11	8	4
2144	1	12	9	5
2144	1	13	10	6
2144	1	14	11	7
2144	4	38	12	8
2144	4	37	13	9
2162	2	19	0	0
2162	1	4	1	1
2162	1	5	2	\N
2162	1	6	3	2
2162	1	7	4	\N
2162	1	8	5	\N
2162	1	9	6	3
2162	1	10	7	4
2162	1	11	8	\N
2162	4	39	9	5
2162	4	40	10	6
2162	2	21	11	\N
2162	3	30	12	\N
2162	3	31	13	\N
2162	3	32	14	\N
2162	3	33	15	7
2162	4	41	16	\N
2162	4	42	17	8
2164	2	19	0	0
2164	1	4	1	1
2164	1	5	2	2
2164	1	6	3	\N
2164	1	7	4	\N
2164	1	8	5	3
2164	1	9	6	\N
2164	1	10	7	4
2164	1	11	8	5
2164	4	39	9	6
2164	4	40	10	\N
2164	2	21	11	\N
2164	4	41	12	\N
2164	3	27	13	\N
2164	3	26	14	7
2175	2	19	0	0
2175	1	4	1	1
2175	1	5	2	2
2175	1	6	3	3
2175	1	7	4	4
2175	1	8	5	5
2175	3	28	6	\N
2175	3	29	7	\N
2175	2	21	8	\N
2175	2	22	9	6
2175	2	23	10	7
2175	3	30	11	8
2175	3	31	12	9
2175	3	32	13	10
2185	2	19	0	0
2185	1	4	1	1
2185	1	5	2	2
2185	1	6	3	\N
2185	1	7	4	3
2185	1	8	5	\N
2185	3	28	6	\N
2185	3	29	7	\N
2185	2	21	8	\N
2185	4	40	9	4
2185	4	39	10	\N
2185	1	11	11	5
2185	1	10	12	\N
2185	1	12	13	6
2185	1	13	14	\N
2185	1	14	15	7
2186	2	19	0	0
2186	1	4	1	\N
2186	1	5	2	1
2186	1	6	3	2
2186	1	7	4	3
2186	1	8	5	\N
2186	3	28	6	\N
2186	3	29	7	4
2186	2	21	8	\N
2186	4	40	9	\N
2186	4	39	10	5
2186	1	11	11	6
2186	1	10	12	\N
2186	1	12	13	\N
2186	1	13	14	7
2186	1	14	15	8
2186	1	15	16	9
2190	2	19	0	0
2190	1	4	1	1
2190	1	5	2	\N
2190	1	6	3	\N
2190	1	7	4	2
2190	1	8	5	3
2190	3	28	6	4
2190	3	29	7	5
2190	2	21	8	\N
2190	4	40	9	\N
2190	4	39	10	\N
2190	1	11	11	\N
2190	1	12	12	\N
2190	1	13	13	6
2190	1	14	14	\N
2190	4	38	15	7
2190	4	37	16	\N
2190	4	36	17	8
2190	4	35	18	9
2195	2	19	0	0
2195	1	4	1	1
2195	1	5	2	\N
2195	1	6	3	\N
2195	1	7	4	2
2195	1	8	5	3
2195	3	28	6	\N
2195	3	29	7	4
2195	2	21	8	5
2195	4	41	9	\N
2195	2	18	10	\N
2195	2	17	11	\N
2195	2	16	12	6
2201	2	19	0	0
2201	2	20	1	\N
2201	2	21	2	1
2201	2	22	3	\N
2201	2	23	4	2
2201	3	29	5	3
2205	2	19	0	0
2205	2	20	1	1
2205	2	21	2	2
2205	2	22	3	3
2205	2	23	4	4
2205	3	29	5	\N
2205	3	28	6	5
2205	1	8	7	6
2205	1	7	8	\N
2205	1	6	9	7
2206	2	19	0	0
2206	2	20	1	1
2206	2	21	2	\N
2206	2	22	3	\N
2206	2	23	4	2
2206	3	29	5	3
2206	3	28	6	\N
2206	1	8	7	\N
2206	1	7	8	4
2206	1	6	9	5
2206	1	5	10	6
2208	2	19	0	0
2208	2	20	1	\N
2208	2	21	2	1
2208	2	22	3	\N
2208	2	23	4	2
2208	3	29	5	\N
2208	3	28	6	\N
2208	1	8	7	\N
2208	1	7	8	\N
2208	1	6	9	3
2208	1	5	10	4
2208	1	4	11	5
2208	1	3	12	6
2223	2	19	0	0
2223	2	20	1	1
2223	2	21	2	2
2223	3	29	3	\N
2223	3	28	4	\N
2223	1	8	5	\N
2223	1	9	6	\N
2223	1	10	7	3
2223	1	11	8	\N
2223	1	12	9	4
2223	1	13	10	5
2223	1	14	11	6
2223	4	38	12	7
2223	4	37	13	8
2223	4	36	14	9
2227	2	19	0	0
2227	2	20	1	1
2227	2	21	2	2
2227	3	29	3	\N
2227	3	28	4	\N
2227	1	8	5	3
2227	1	9	6	\N
2227	1	10	7	\N
2227	1	11	8	\N
2227	4	39	9	\N
2227	3	27	10	4
2259	2	19	0	0
2259	2	20	1	\N
2259	2	21	2	\N
2259	4	40	3	\N
2259	4	39	4	1
2259	1	11	5	2
2259	1	10	6	3
2259	1	9	7	\N
2259	1	8	8	\N
2259	3	28	9	4
2259	1	12	10	\N
2259	1	13	11	5
2259	1	14	12	6
2259	1	15	13	7
2274	2	20	0	0
2274	2	19	1	\N
2274	1	4	2	\N
2274	1	3	3	\N
2274	1	2	4	\N
2274	1	5	5	\N
2274	1	6	6	1
2274	1	7	7	\N
2274	1	8	8	2
2280	2	20	0	0
2280	2	19	1	1
2280	1	4	2	2
2280	1	3	3	3
2280	1	2	4	4
2280	1	5	5	5
2280	1	6	6	\N
2280	1	7	7	6
2280	1	8	8	\N
2280	1	9	9	\N
2280	1	10	10	\N
2280	1	11	11	\N
2280	1	12	12	7
2280	1	13	13	\N
2280	1	14	14	8
2299	2	20	0	0
2299	2	19	1	\N
2299	1	4	2	1
2299	1	5	3	\N
2299	1	6	4	\N
2299	1	7	5	2
2299	1	8	6	\N
2299	1	9	7	3
2299	1	10	8	\N
2299	1	11	9	\N
2299	4	39	10	4
2299	4	40	11	\N
2299	2	21	12	\N
2299	3	30	13	\N
2299	3	31	14	\N
2299	3	32	15	\N
2299	3	33	16	\N
2299	4	41	17	5
2308	2	20	0	0
2308	2	19	1	1
2308	1	4	2	2
2308	1	5	3	3
2308	1	6	4	\N
2308	1	7	5	\N
2308	1	8	6	4
2308	3	27	7	5
2308	3	26	8	\N
2308	3	28	9	\N
2308	3	29	10	6
2308	2	21	11	\N
2308	2	22	12	\N
2308	2	23	13	7
2316	2	20	0	0
2316	2	19	1	1
2316	1	4	2	\N
2316	1	5	3	\N
2316	1	6	4	\N
2316	1	7	5	\N
2316	1	8	6	\N
2316	3	28	7	\N
2316	3	29	8	\N
2316	2	21	9	2
2316	3	30	10	3
2316	3	31	11	\N
2316	3	32	12	4
2316	3	33	13	\N
2316	4	40	14	\N
2316	4	39	15	5
2322	2	20	0	0
2322	2	19	1	1
2322	1	4	2	2
2322	1	5	3	3
2322	1	6	4	4
2322	1	7	5	\N
2322	1	8	6	\N
2322	3	28	7	5
2322	3	29	8	6
2322	2	21	9	\N
2322	4	40	10	7
2322	4	39	11	8
2322	1	11	12	\N
2322	1	10	13	9
2322	1	12	14	\N
2322	1	13	15	10
2322	1	14	16	11
2346	2	20	0	0
2346	2	21	1	\N
2346	2	22	2	1
2346	2	23	3	2
2346	3	29	4	\N
2346	3	28	5	\N
2346	1	8	6	\N
2346	1	7	7	\N
2346	1	6	8	3
2346	1	5	9	\N
2346	1	4	10	4
2346	1	3	11	5
2346	1	2	12	6
2346	1	1	13	7
2347	2	20	0	0
2347	2	21	1	1
2347	3	29	2	\N
2347	3	28	3	2
2347	1	8	4	3
2347	1	7	5	4
2347	1	6	6	\N
2347	1	5	7	\N
2347	1	4	8	\N
2347	1	3	9	\N
2347	1	2	10	5
2347	2	18	11	6
2361	2	20	0	0
2361	2	21	1	\N
2361	3	29	2	1
2361	3	28	3	\N
2361	1	8	4	2
2361	1	9	5	\N
2361	1	10	6	3
2361	1	11	7	4
2361	1	12	8	5
2361	1	13	9	6
2361	1	14	10	\N
2361	4	38	11	\N
2361	4	37	12	7
2361	4	36	13	8
2361	4	35	14	9
2376	2	20	0	0
2376	2	21	1	\N
2376	3	30	2	1
2376	3	31	3	\N
2376	3	32	4	2
2376	3	33	5	3
2376	4	40	6	4
2376	4	39	7	\N
2376	1	11	8	\N
2376	1	10	9	\N
2376	1	9	10	5
2401	2	20	0	0
2401	2	21	1	\N
2401	4	40	2	1
2401	4	39	3	2
2401	1	11	4	\N
2401	1	12	5	\N
2401	1	13	6	\N
2401	1	14	7	\N
2401	4	38	8	\N
2401	4	37	9	3
2401	4	36	10	\N
2401	4	35	11	4
2409	2	21	0	0
2409	2	20	1	1
2409	2	19	2	2
2409	1	4	3	3
2409	1	3	4	4
2409	1	2	5	\N
2409	1	1	6	5
2419	2	21	0	0
2419	2	20	1	1
2419	2	19	2	2
2419	1	4	3	\N
2419	1	3	4	\N
2419	1	2	5	3
2419	1	5	6	4
2419	1	6	7	\N
2419	1	7	8	\N
2419	1	8	9	\N
2419	1	9	10	5
2419	1	10	11	\N
2419	1	11	12	6
2419	1	12	13	7
2419	1	13	14	\N
2419	1	14	15	8
2426	2	21	0	0
2426	2	20	1	\N
2426	2	19	2	\N
2426	1	4	3	\N
2426	1	5	4	\N
2426	1	6	5	1
2426	1	7	6	2
2426	1	8	7	3
2426	1	9	8	\N
2426	1	10	9	4
2426	1	11	10	5
2426	4	38	11	\N
2426	4	37	12	\N
2426	4	36	13	\N
2426	4	39	14	6
2426	4	40	15	7
2429	2	21	0	0
2429	2	20	1	1
2429	2	19	2	2
2429	1	4	3	3
2429	1	5	4	4
2429	1	6	5	5
2429	1	7	6	6
2429	1	8	7	\N
2429	1	9	8	7
2429	1	10	9	\N
2429	1	11	10	8
2429	4	39	11	9
2429	3	27	12	\N
2429	3	26	13	10
2429	3	25	14	11
2435	2	21	0	0
2435	2	20	1	1
2435	2	19	2	\N
2435	1	4	3	2
2435	2	18	4	3
2435	2	17	5	\N
2435	2	22	6	4
2440	2	21	0	0
2440	2	22	1	1
2440	2	23	2	\N
2440	3	29	3	2
2440	3	28	4	3
2440	1	8	5	4
2448	2	21	0	0
2448	3	29	1	1
2448	3	28	2	\N
2448	1	8	3	\N
2448	1	7	4	\N
2448	1	6	5	2
2448	1	5	6	3
2448	1	4	7	\N
2448	1	3	8	4
2448	1	2	9	\N
2448	2	18	10	5
2450	2	21	0	0
2450	3	29	1	\N
2450	3	28	2	\N
2450	1	8	3	\N
2450	1	7	4	1
2450	1	6	5	2
2450	1	5	6	\N
2450	1	4	7	\N
2450	1	3	8	3
2450	1	2	9	\N
2450	2	18	10	\N
2450	2	17	11	\N
2450	2	16	12	4
2481	2	21	0	0
2481	3	30	1	\N
2481	3	31	2	1
2481	3	32	3	\N
2481	3	33	4	2
2481	4	40	5	3
2481	4	39	6	4
2481	1	11	7	\N
2481	1	10	8	\N
2481	1	9	9	\N
2481	1	8	10	\N
2481	1	7	11	5
2481	1	6	12	6
2504	2	21	0	0
2504	4	40	1	1
2504	4	39	2	\N
2504	1	11	3	\N
2504	1	12	4	2
2504	1	13	5	3
2504	1	14	6	\N
2504	4	38	7	4
2504	4	37	8	\N
2504	4	36	9	5
2504	4	35	10	6
2517	2	22	0	0
2517	2	21	1	\N
2517	2	20	2	\N
2517	2	19	3	\N
2517	1	4	4	1
2517	1	3	5	2
2517	1	2	6	\N
2517	1	5	7	3
2517	1	6	8	4
2517	1	7	9	5
2517	1	8	10	6
2519	2	22	0	0
2519	2	21	1	1
2519	2	20	2	2
2519	2	19	3	\N
2519	1	4	4	\N
2519	1	3	5	3
2519	1	2	6	4
2519	1	5	7	5
2519	1	6	8	6
2519	1	7	9	\N
2519	1	8	10	\N
2519	1	9	11	\N
2519	1	10	12	7
2539	2	22	0	0
2539	2	21	1	1
2539	2	20	2	2
2539	2	19	3	3
2539	1	4	4	4
2539	2	18	5	5
2539	2	17	6	6
2539	3	29	7	7
2542	2	22	0	0
2542	2	21	1	\N
2542	2	20	2	\N
2542	2	19	3	\N
2542	1	4	4	\N
2542	2	18	5	\N
2542	2	17	6	1
2542	3	29	7	2
2542	3	28	8	3
2542	1	8	9	4
2542	1	7	10	5
2543	2	22	0	0
2543	2	21	1	1
2543	2	20	2	\N
2543	2	19	3	\N
2543	1	4	4	\N
2543	2	18	5	\N
2543	2	17	6	\N
2543	3	29	7	2
2543	3	28	8	3
2543	1	8	9	4
2543	1	7	10	5
2543	1	6	11	6
2557	2	22	0	0
2557	2	21	1	1
2557	3	29	2	\N
2557	3	28	3	\N
2557	1	8	4	2
2557	1	9	5	\N
2557	1	10	6	3
2557	1	11	7	4
2557	4	38	8	\N
2557	4	37	9	\N
2557	4	36	10	5
2557	4	39	11	\N
2557	4	40	12	6
2569	2	22	0	0
2569	2	21	1	1
2569	3	30	2	2
2569	3	31	3	\N
2569	3	32	4	3
2569	3	33	5	\N
2569	4	40	6	4
2569	4	39	7	5
2569	1	11	8	6
2569	1	10	9	7
2571	2	22	0	0
2571	2	21	1	1
2571	3	30	2	\N
2571	3	31	3	\N
2571	3	32	4	\N
2571	3	33	5	2
2571	4	40	6	3
2571	4	39	7	\N
2571	1	11	8	\N
2571	1	10	9	4
2571	1	9	10	5
2571	1	8	11	6
2610	2	23	0	0
2610	2	22	1	\N
2610	2	21	2	1
2610	2	20	3	2
2610	2	19	4	3
2610	1	4	5	\N
2610	1	3	6	4
2610	1	2	7	\N
2610	1	5	8	\N
2610	1	6	9	5
2641	2	23	0	0
2641	2	22	1	\N
2641	2	21	2	\N
2641	3	29	3	1
2641	3	28	4	2
2641	1	8	5	3
2641	1	7	6	\N
2641	1	6	7	4
2641	1	9	8	5
2641	1	10	9	6
2655	2	23	0	0
2655	2	22	1	\N
2655	2	21	2	1
2655	3	29	3	2
2655	3	28	4	\N
2655	1	8	5	\N
2655	1	9	6	\N
2655	1	10	7	3
2655	1	11	8	4
2655	4	39	9	\N
2655	3	27	10	5
2655	3	26	11	6
2655	3	25	12	7
2656	2	23	0	0
2656	2	22	1	1
2656	2	21	2	2
2656	3	29	3	3
2656	3	28	4	\N
2656	1	8	5	\N
2656	3	27	6	\N
2656	3	26	7	4
2656	3	30	8	5
2659	2	23	0	0
2659	2	22	1	1
2659	2	21	2	2
2659	3	29	3	3
2659	3	28	4	4
2659	1	8	5	\N
2659	3	27	6	\N
2659	3	26	7	5
2659	3	30	8	6
2659	3	31	9	\N
2659	3	32	10	\N
2659	3	33	11	7
2660	2	23	0	0
2660	2	22	1	\N
2660	2	21	2	\N
2660	3	29	3	1
2660	3	28	4	2
2660	1	8	5	\N
2660	3	27	6	\N
2660	3	26	7	3
2660	3	30	8	\N
2660	3	31	9	4
2660	3	32	10	\N
2660	3	33	11	5
2660	3	34	12	6
2661	2	23	0	0
2661	2	22	1	\N
2661	2	21	2	1
2661	3	30	3	\N
2661	3	31	4	2
2661	3	32	5	\N
2661	3	33	6	\N
2661	4	40	7	3
2666	2	23	0	0
2666	2	22	1	1
2666	2	21	2	2
2666	3	30	3	3
2666	3	31	4	\N
2666	3	32	5	4
2666	3	33	6	5
2666	4	40	7	6
2666	4	39	8	7
2666	1	11	9	\N
2666	1	10	10	8
2666	1	9	11	\N
2666	1	8	12	9
2694	2	23	0	0
2694	2	22	1	1
2694	2	21	2	2
2694	4	41	3	3
2694	2	24	4	4
2695	2	24	0	0
2695	2	23	1	1
2702	2	24	0	0
2702	2	23	1	1
2702	2	22	2	\N
2702	2	21	3	2
2702	2	20	4	3
2702	2	19	5	\N
2702	1	4	6	4
2702	1	3	7	5
2702	1	2	8	6
2712	2	24	0	0
2712	2	23	1	1
2712	2	22	2	\N
2712	2	21	3	\N
2712	2	20	4	2
2712	2	19	5	\N
2712	1	4	6	3
2712	1	3	7	4
2712	1	2	8	5
2712	1	5	9	\N
2712	1	6	10	\N
2712	1	7	11	6
2712	1	8	12	\N
2712	1	9	13	\N
2712	1	10	14	7
2712	1	11	15	\N
2712	1	12	16	\N
2712	1	13	17	8
2717	2	24	0	0
2717	2	23	1	\N
2717	2	22	2	\N
2717	2	21	3	1
2717	2	20	4	\N
2717	2	19	5	\N
2717	1	4	6	2
2717	1	5	7	3
2717	1	6	8	4
2717	1	7	9	5
2717	1	8	10	6
2717	1	9	11	\N
2717	1	10	12	7
2717	1	11	13	8
2717	1	12	14	\N
2717	1	13	15	\N
2717	1	14	16	9
2717	4	38	17	10
2717	4	37	18	\N
2717	4	36	19	11
2720	2	24	0	0
2720	2	23	1	\N
2720	2	22	2	1
2720	2	21	3	2
2720	2	20	4	\N
2720	2	19	5	3
2720	1	4	6	\N
2720	1	5	7	\N
2720	1	6	8	4
2720	1	7	9	\N
2720	1	8	10	5
2720	1	9	11	6
2720	1	10	12	7
2720	1	11	13	8
2720	4	38	14	\N
2720	4	37	15	9
2720	4	36	16	10
2720	4	39	17	11
2720	4	40	18	12
2731	2	24	0	0
2731	2	23	1	1
2731	2	22	2	2
2731	2	21	3	\N
2731	2	20	4	3
2731	2	19	5	\N
2731	1	4	6	\N
2731	2	18	7	4
2731	2	17	8	5
2731	3	29	9	\N
2731	3	28	10	\N
2731	1	8	11	6
2744	2	24	0	0
2744	2	23	1	1
2744	2	22	2	\N
2744	2	21	3	\N
2744	3	29	4	\N
2744	3	28	5	\N
2744	1	8	6	2
2744	1	9	7	3
2744	1	10	8	\N
2744	1	11	9	4
2744	1	12	10	\N
2744	1	13	11	\N
2744	1	14	12	\N
2744	4	38	13	\N
2744	4	37	14	5
2744	4	36	15	6
2751	2	24	0	0
2751	2	23	1	\N
2751	2	22	2	\N
2751	2	21	3	\N
2751	3	29	4	1
2751	3	28	5	2
2751	1	8	6	3
2751	3	27	7	4
2751	3	26	8	\N
2751	3	30	9	5
2752	2	24	0	0
2752	2	23	1	1
2752	2	22	2	\N
2752	2	21	3	2
2752	3	29	4	3
2752	3	28	5	4
2752	1	8	6	\N
2752	3	27	7	5
2752	3	26	8	\N
2752	3	30	9	\N
2752	3	31	10	6
2789	3	25	0	0
2789	3	26	1	1
2792	3	25	0	0
2792	3	26	1	1
2792	3	27	2	2
2792	1	8	3	3
2792	1	7	4	4
2806	3	25	0	0
2806	3	26	1	1
2806	3	27	2	\N
2806	1	8	3	\N
2806	1	7	4	\N
2806	1	6	5	2
2806	1	5	6	\N
2806	1	4	7	\N
2806	2	18	8	\N
2806	2	17	9	3
2806	2	19	10	4
2806	2	20	11	\N
2806	2	21	12	5
2806	2	22	13	6
2806	2	23	14	7
2810	3	25	0	0
2810	3	26	1	\N
2810	3	27	2	1
2810	1	8	3	2
2810	1	7	4	\N
2810	1	6	5	\N
2810	1	5	6	3
2810	1	4	7	\N
2810	2	19	8	\N
2810	2	20	9	4
2810	2	21	10	5
2810	3	29	11	6
2810	3	30	12	7
2817	3	25	0	0
2817	3	26	1	\N
2817	3	27	2	1
2817	1	8	3	\N
2817	1	7	4	2
2817	1	6	5	3
2817	1	5	6	\N
2817	1	4	7	4
2817	2	19	8	5
2817	2	20	9	6
2817	2	21	10	\N
2817	3	30	11	7
2817	3	31	12	8
2817	3	32	13	\N
2817	3	33	14	9
2817	4	40	15	\N
2817	4	39	16	10
2817	1	11	17	11
2830	3	25	0	0
2830	3	26	1	\N
2830	3	27	2	\N
2830	1	8	3	1
2830	1	7	4	2
2830	1	6	5	3
2830	1	5	6	4
2830	1	4	7	5
2830	2	19	8	6
2830	2	20	9	7
2830	2	21	10	\N
2830	4	41	11	\N
2830	1	9	12	8
2838	3	25	0	0
2838	3	26	1	1
2838	3	27	2	2
2838	1	8	3	3
2838	1	9	4	\N
2838	1	10	5	\N
2838	1	11	6	\N
2838	1	12	7	\N
2838	1	13	8	\N
2838	1	14	9	\N
2838	4	38	10	\N
2838	4	37	11	4
2840	3	25	0	0
2840	3	26	1	\N
2840	3	27	2	\N
2840	1	8	3	\N
2840	1	9	4	1
2840	1	10	5	\N
2840	1	11	6	\N
2840	1	12	7	2
2840	1	13	8	3
2840	1	14	9	\N
2840	4	38	10	4
2840	4	37	11	\N
2840	4	36	12	\N
2840	4	35	13	5
2854	3	25	0	0
2854	3	26	1	1
2854	3	27	2	2
2854	1	8	3	\N
2854	1	9	4	\N
2854	1	10	5	3
2854	1	11	6	4
2854	4	39	7	\N
2854	4	40	8	\N
2854	2	21	9	5
2854	2	20	10	\N
2854	2	19	11	\N
2854	1	4	12	\N
2854	1	5	13	\N
2854	1	6	14	6
2854	2	18	15	7
2854	2	17	16	8
2860	3	25	0	0
2860	3	26	1	\N
2860	3	27	2	\N
2860	1	8	3	1
2860	1	9	4	\N
2860	1	10	5	\N
2860	1	11	6	2
2860	4	39	7	\N
2860	4	40	8	3
2860	2	21	9	\N
2860	2	22	10	\N
2860	2	23	11	\N
2860	3	29	12	4
2860	3	28	13	5
2884	3	26	0	0
2884	3	27	1	1
2884	1	8	2	\N
2884	1	7	3	2
2884	1	6	4	\N
2884	1	5	5	3
2884	1	4	6	4
2884	2	18	7	\N
2884	2	17	8	5
2884	2	19	9	6
2884	2	20	10	7
2886	3	26	0	0
2886	3	27	1	\N
2886	1	8	2	\N
2886	1	7	3	1
2886	1	6	4	2
2886	1	5	5	3
2886	1	4	6	4
2886	2	18	7	\N
2886	2	17	8	\N
2886	2	19	9	\N
2886	2	20	10	\N
2886	2	21	11	5
2886	2	22	12	6
2888	3	26	0	0
2888	3	27	1	1
2888	1	8	2	\N
2888	1	7	3	2
2888	1	6	4	3
2888	1	5	5	4
2888	1	4	6	5
2888	2	18	7	6
2888	2	17	8	\N
2888	2	19	9	\N
2888	2	20	10	\N
2888	2	21	11	\N
2888	2	22	12	\N
2888	2	23	13	7
2888	2	24	14	8
2890	3	26	0	0
2890	3	27	1	1
2890	1	8	2	2
2890	1	7	3	\N
2890	1	6	4	\N
2890	1	5	5	3
2890	1	4	6	\N
2890	2	19	7	4
2890	2	20	8	\N
2890	2	21	9	\N
2890	2	22	10	5
2890	2	23	11	\N
2890	3	29	12	\N
2890	3	28	13	6
2904	3	26	0	0
2904	3	27	1	\N
2904	1	8	2	1
2904	1	7	3	2
2904	1	6	4	3
2904	1	5	5	\N
2904	1	4	6	\N
2904	2	19	7	\N
2904	2	20	8	4
2904	2	21	9	5
2904	4	40	10	\N
2904	4	39	11	6
2904	1	11	12	\N
2904	1	10	13	7
2904	1	12	14	\N
2904	1	13	15	\N
2904	1	14	16	8
2904	1	15	17	9
2912	3	26	0	0
2912	3	27	1	\N
2912	1	8	2	\N
2912	1	7	3	\N
2912	1	6	4	1
2912	1	5	5	2
2912	1	4	6	\N
2912	2	19	7	\N
2912	2	20	8	\N
2912	2	21	9	3
2912	4	41	10	4
2912	1	9	11	\N
2912	1	10	12	5
2914	3	26	0	0
2914	3	27	1	1
2914	1	8	2	2
2914	1	7	3	\N
2914	1	6	4	3
2914	1	5	5	\N
2914	1	4	6	\N
2914	2	19	7	\N
2914	2	20	8	\N
2914	2	21	9	\N
2914	4	41	10	4
2914	1	9	11	\N
2914	1	10	12	5
2914	1	11	13	6
2914	1	12	14	7
2921	3	26	0	0
2921	3	27	1	1
2921	1	8	2	\N
2921	1	9	3	2
2921	1	10	4	3
2921	1	11	5	4
2921	1	12	6	\N
2921	1	13	7	5
2921	1	14	8	6
2921	4	38	9	7
2921	4	37	10	\N
2921	4	36	11	8
2921	4	35	12	9
2922	3	26	0	0
2922	3	27	1	\N
2922	1	8	2	\N
2922	1	9	3	\N
2922	1	10	4	1
2922	1	11	5	\N
2922	4	38	6	\N
2922	4	37	7	2
2922	4	36	8	\N
2922	4	39	9	3
2923	3	26	0	0
2923	3	27	1	1
2923	1	8	2	\N
2923	1	9	3	2
2923	1	10	4	3
2923	1	11	5	\N
2923	4	38	6	\N
2923	4	37	7	4
2923	4	36	8	\N
2923	4	39	9	5
2923	4	40	10	6
2924	3	26	0	0
2924	3	27	1	\N
2924	1	8	2	1
2924	1	9	3	\N
2924	1	10	4	2
2924	1	11	5	3
2924	4	38	6	\N
2924	4	37	7	\N
2924	4	36	8	\N
2924	4	39	9	4
2924	4	40	10	5
2924	2	21	11	6
2926	3	26	0	0
2926	3	27	1	1
2926	1	8	2	2
2926	1	9	3	\N
2926	1	10	4	3
2926	1	11	5	\N
2926	4	38	6	4
2926	4	37	7	\N
2926	4	36	8	\N
2926	4	39	9	5
2926	4	40	10	6
2926	2	21	11	7
2926	2	20	12	\N
2926	2	19	13	8
2931	3	26	0	0
2931	3	27	1	\N
2931	1	8	2	\N
2931	1	9	3	1
2931	1	10	4	2
2931	1	11	5	3
2931	4	39	6	\N
2931	4	40	7	\N
2931	2	21	8	\N
2931	2	20	9	\N
2931	2	19	10	\N
2931	1	4	11	4
2931	1	3	12	\N
2931	1	2	13	5
2931	1	5	14	6
2936	3	26	0	0
2936	3	27	1	1
2936	1	8	2	\N
2936	1	9	3	\N
2936	1	10	4	2
2936	1	11	5	\N
2936	4	39	6	3
2936	4	40	7	4
2936	2	21	8	\N
2936	2	20	9	5
2936	2	19	10	6
2936	1	4	11	\N
2936	1	5	12	\N
2936	1	6	13	7
2936	2	18	14	8
2936	2	17	15	\N
2936	2	16	16	9
2947	3	26	0	0
2947	3	27	1	1
2947	1	8	2	2
2947	1	9	3	\N
2947	1	10	4	\N
2947	1	11	5	\N
2947	4	39	6	\N
2947	4	40	7	3
2947	2	21	8	\N
2947	3	30	9	4
2947	3	31	10	5
2947	3	32	11	6
2947	3	33	12	\N
2947	4	41	13	7
2954	3	27	0	0
2954	1	8	1	1
2954	1	7	2	\N
2954	1	6	3	\N
2954	1	5	4	2
2959	3	27	0	0
2959	1	8	1	\N
2959	1	7	2	\N
2959	1	6	3	1
2959	1	5	4	\N
2959	1	4	5	2
2959	1	3	6	3
2959	1	2	7	4
2959	2	18	8	5
2964	3	27	0	0
2964	1	8	1	1
2964	1	7	2	\N
2964	1	6	3	\N
2964	1	5	4	\N
2964	1	4	5	2
2964	2	18	6	3
2964	2	17	7	4
2964	2	19	8	5
2964	2	20	9	6
2964	2	21	10	7
2977	3	27	0	0
2977	1	8	1	1
2977	1	7	2	2
2977	1	6	3	\N
2977	1	5	4	3
2977	1	4	5	4
2977	2	19	6	\N
2977	2	20	7	\N
2977	2	21	8	5
2977	3	30	9	\N
2977	3	31	10	6
2977	3	32	11	7
2977	3	33	12	8
2977	4	40	13	9
2977	4	39	14	\N
2977	1	11	15	10
3021	3	27	0	0
3021	1	8	1	\N
3021	1	9	2	\N
3021	1	10	3	\N
3021	1	11	4	1
3021	4	39	5	2
3021	4	40	6	3
3021	2	21	7	\N
3021	3	29	8	4
3021	3	30	9	5
3024	3	27	0	0
3024	1	8	1	1
3024	1	9	2	\N
3024	1	10	3	\N
3024	1	11	4	2
3024	4	39	5	3
3024	4	40	6	\N
3024	2	21	7	\N
3024	3	29	8	\N
3024	3	30	9	\N
3024	3	31	10	\N
3024	3	32	11	\N
3024	3	33	12	4
3032	3	28	0	0
3032	1	8	1	1
3046	3	28	0	0
3046	1	8	1	1
3046	1	7	2	2
3046	1	6	3	3
3046	1	5	4	4
3046	1	4	5	5
3046	2	18	6	6
3046	2	17	7	\N
3046	2	19	8	\N
3046	2	20	9	\N
3046	2	21	10	\N
3046	2	22	11	7
3048	3	28	0	0
3048	1	8	1	1
3048	1	7	2	\N
3048	1	6	3	\N
3048	1	5	4	\N
3048	1	4	5	2
3048	2	18	6	\N
3048	2	17	7	3
3048	2	19	8	4
3048	2	20	9	5
3048	2	21	10	6
3048	2	22	11	\N
3048	2	23	12	7
3048	2	24	13	8
3058	3	28	0	0
3058	1	8	1	1
3058	1	7	2	\N
3058	1	6	3	2
3058	1	5	4	\N
3058	1	4	5	3
3058	2	19	6	4
3058	2	20	7	\N
3058	2	21	8	\N
3058	3	30	9	\N
3058	3	31	10	\N
3058	3	32	11	\N
3058	3	33	12	5
3058	4	40	13	\N
3058	4	39	14	\N
3058	1	11	15	6
3058	1	10	16	7
3062	3	28	0	0
3062	1	8	1	\N
3062	1	7	2	1
3062	1	6	3	\N
3062	1	5	4	2
3062	1	4	5	\N
3062	2	19	6	\N
3062	2	20	7	\N
3062	2	21	8	\N
3062	4	40	9	\N
3062	4	39	10	\N
3062	1	11	11	\N
3062	1	10	12	3
3062	1	12	13	\N
3062	1	13	14	\N
3062	1	14	15	4
3071	3	28	0	0
3071	1	8	1	\N
3071	1	7	2	1
3071	1	6	3	2
3071	1	5	4	\N
3071	1	4	5	\N
3071	2	19	6	3
3071	2	20	7	4
3071	2	21	8	5
3071	4	41	9	6
3071	1	9	10	7
3071	1	10	11	8
3104	3	28	0	0
3104	1	8	1	\N
3104	1	9	2	1
3104	1	10	3	2
3104	1	11	4	3
3104	4	39	5	\N
3104	4	40	6	4
3104	2	21	7	\N
3104	3	30	8	\N
3104	3	31	9	5
3104	3	32	10	6
3104	3	33	11	\N
3104	3	34	12	7
3105	3	28	0	0
3105	1	8	1	\N
3105	1	9	2	1
3105	1	10	3	2
3105	1	11	4	\N
3105	4	39	5	\N
3105	4	40	6	\N
3105	2	21	7	\N
3105	3	30	8	\N
3105	3	31	9	\N
3105	3	32	10	3
3105	3	33	11	\N
3105	4	41	12	4
3115	3	28	0	0
3115	1	8	1	\N
3115	3	27	2	1
3115	3	26	3	2
3115	3	29	4	3
3115	2	21	5	\N
3115	2	20	6	\N
3115	2	19	7	4
3115	1	4	8	\N
3115	1	3	9	5
3139	3	28	0	0
3139	3	29	1	1
3139	2	21	2	\N
3139	2	20	3	2
3139	2	19	4	3
3139	1	4	5	\N
3139	1	5	6	\N
3139	1	6	7	4
3139	1	7	8	5
3139	1	8	9	\N
3139	3	27	10	\N
3139	3	26	11	\N
3139	2	18	12	6
3139	2	17	13	7
3141	3	28	0	0
3141	3	29	1	\N
3141	2	21	2	\N
3141	2	20	3	1
3141	2	19	4	2
3141	1	4	5	\N
3141	2	18	6	3
3141	2	17	7	4
3141	2	22	8	5
3142	3	28	0	0
3142	3	29	1	1
3142	2	21	2	2
3142	2	20	3	\N
3142	2	19	4	\N
3142	1	4	5	\N
3142	2	18	6	\N
3142	2	17	7	3
3142	2	22	8	\N
3142	2	23	9	4
3153	3	28	0	0
3153	3	29	1	\N
3153	2	21	2	\N
3153	3	30	3	1
3153	3	31	4	2
3153	3	32	5	\N
3153	3	33	6	3
3153	4	40	7	4
3153	4	39	8	5
3153	1	11	9	\N
3153	1	10	10	6
3153	1	9	11	7
3160	3	28	0	0
3160	3	29	1	\N
3160	2	21	2	\N
3160	3	30	3	1
3160	3	31	4	2
3160	3	32	5	3
3160	3	33	6	4
3160	4	40	7	5
3160	4	39	8	6
3160	1	11	9	7
3160	1	10	10	\N
3160	1	9	11	\N
3160	1	8	12	8
3160	1	7	13	9
3160	1	6	14	10
3160	1	5	15	\N
3160	1	4	16	\N
3160	1	3	17	\N
3160	1	2	18	11
3178	3	28	0	0
3178	3	29	1	1
3178	2	21	2	\N
3178	4	40	3	\N
3178	4	39	4	2
3178	1	11	5	\N
3178	4	38	6	3
3178	4	37	7	4
3178	4	36	8	\N
3178	4	41	9	5
3179	3	28	0	0
3179	3	29	1	\N
3179	2	21	2	1
3179	4	40	3	2
3179	4	39	4	3
3179	1	11	5	4
3179	4	38	6	5
3179	4	37	7	6
3179	4	36	8	7
3179	4	41	9	\N
3179	4	42	10	8
3186	3	29	0	0
3186	2	21	1	1
3186	2	20	2	2
3186	2	19	3	3
3186	1	4	4	4
3186	1	3	5	5
3186	1	2	6	6
3186	1	1	7	7
3198	3	29	0	0
3198	2	21	1	\N
3198	2	20	2	\N
3198	2	19	3	1
3198	1	4	4	2
3198	1	5	5	\N
3198	1	6	6	\N
3198	1	7	7	3
3198	1	8	8	4
3198	1	9	9	5
3198	1	10	10	6
3198	1	11	11	\N
3198	1	12	12	\N
3198	1	13	13	7
3198	1	14	14	\N
3198	4	38	15	8
3207	3	29	0	0
3207	2	21	1	\N
3207	2	20	2	1
3207	2	19	3	2
3207	1	4	4	\N
3207	1	5	5	3
3207	1	6	6	\N
3207	1	7	7	\N
3207	1	8	8	\N
3207	3	27	9	4
3207	3	26	10	\N
3207	3	28	11	5
3209	3	29	0	0
3209	2	21	1	1
3209	2	20	2	\N
3209	2	19	3	2
3209	1	4	4	\N
3209	1	5	5	3
3209	1	6	6	4
3209	1	7	7	5
3209	1	8	8	\N
3209	2	18	9	6
3209	2	17	10	7
3211	3	29	0	0
3211	2	21	1	\N
3211	2	20	2	1
3211	2	19	3	2
3211	1	4	4	\N
3211	2	18	5	\N
3211	2	17	6	\N
3211	2	22	7	3
3217	3	29	0	0
3217	2	21	1	\N
3217	2	22	2	1
3217	2	23	3	\N
3217	3	30	4	2
3217	3	31	5	3
3217	3	32	6	4
3217	3	33	7	5
3221	3	29	0	0
3221	2	21	1	\N
3221	3	30	2	1
3221	3	31	3	\N
3221	3	32	4	2
3221	3	33	5	3
3221	4	40	6	\N
3221	4	39	7	\N
3221	1	11	8	4
3230	3	29	0	0
3230	2	21	1	1
3230	3	30	2	2
3230	3	31	3	3
3230	3	32	4	4
3230	3	33	5	\N
3230	4	40	6	\N
3230	4	39	7	\N
3230	1	11	8	\N
3230	1	10	9	\N
3230	1	9	10	\N
3230	1	8	11	\N
3230	1	7	12	5
3230	1	6	13	\N
3230	1	5	14	\N
3230	1	4	15	\N
3230	1	3	16	6
3230	1	2	17	7
3232	3	29	0	0
3232	2	21	1	1
3232	4	40	2	2
3232	4	39	3	\N
3232	1	11	4	3
3232	1	10	5	4
3232	1	9	6	\N
3232	1	8	7	\N
3232	1	7	8	5
3232	1	6	9	6
3232	1	5	10	7
3232	1	4	11	8
3232	1	3	12	\N
3232	1	2	13	9
3232	2	18	14	10
3239	3	29	0	0
3239	2	21	1	1
3239	4	40	2	\N
3239	4	39	3	2
3239	1	11	4	3
3239	1	10	5	4
3239	1	9	6	5
3239	1	8	7	\N
3239	1	7	8	6
3239	1	6	9	7
3239	1	5	10	\N
3239	1	4	11	\N
3239	2	19	12	\N
3239	3	27	13	8
3239	3	26	14	\N
3239	3	25	15	9
3248	3	29	0	0
3248	2	21	1	\N
3248	4	40	2	1
3248	4	39	3	2
3248	1	11	4	3
3248	1	12	5	\N
3248	1	13	6	4
3248	1	14	7	5
3248	4	38	8	\N
3248	4	37	9	\N
3248	4	36	10	\N
3248	4	35	11	6
3280	3	29	0	0
3280	3	28	1	\N
3280	1	8	2	1
3280	1	7	3	\N
3280	1	6	4	2
3280	1	5	5	\N
3280	1	4	6	3
3280	2	19	7	4
3280	2	20	8	\N
3280	2	21	9	5
3280	4	40	10	6
3280	4	39	11	\N
3280	1	11	12	7
3280	1	10	13	\N
3280	1	12	14	\N
3280	1	13	15	8
3318	3	29	0	0
3318	3	28	1	1
3318	1	8	2	\N
3318	1	9	3	\N
3318	1	10	4	\N
3318	1	11	5	\N
3318	4	39	6	\N
3318	4	40	7	2
3318	2	21	8	3
3318	2	22	9	\N
3318	2	23	10	\N
3318	3	30	11	4
3321	3	29	0	0
3321	3	28	1	\N
3321	1	8	2	1
3321	1	9	3	2
3321	1	10	4	3
3321	1	11	5	\N
3321	4	39	6	\N
3321	4	40	7	4
3321	2	21	8	5
3321	2	22	9	6
3321	2	23	10	\N
3321	3	30	11	\N
3321	3	31	12	7
3321	3	32	13	8
3321	3	33	14	9
3323	3	29	0	0
3323	3	28	1	1
3323	1	8	2	\N
3323	1	9	3	2
3323	1	10	4	\N
3323	1	11	5	\N
3323	4	39	6	3
3323	4	40	7	4
3323	2	21	8	5
3323	3	30	9	\N
3323	3	31	10	6
3323	3	32	11	\N
3323	3	33	12	\N
3323	4	41	13	7
3338	3	30	0	0
3338	2	21	1	\N
3338	2	20	2	\N
3338	2	19	3	\N
3338	1	4	4	1
3338	1	3	5	\N
3338	1	2	6	\N
3338	1	5	7	\N
3338	1	6	8	2
3338	1	7	9	\N
3338	1	8	10	3
3344	3	30	0	0
3344	2	21	1	1
3344	2	20	2	\N
3344	2	19	3	2
3344	1	4	4	\N
3344	1	3	5	\N
3344	1	2	6	\N
3344	1	5	7	\N
3344	1	6	8	3
3344	1	7	9	\N
3344	1	8	10	4
3344	1	9	11	5
3344	1	10	12	\N
3344	1	11	13	\N
3344	1	12	14	\N
3344	1	13	15	6
3344	1	14	16	7
3355	3	30	0	0
3355	2	21	1	\N
3355	2	20	2	\N
3355	2	19	3	1
3355	1	4	4	2
3355	1	5	5	3
3355	1	6	6	4
3355	1	7	7	\N
3355	1	8	8	5
3355	3	27	9	\N
3355	3	26	10	\N
3355	3	28	11	6
3373	3	30	0	0
3373	2	21	1	\N
3373	3	29	2	\N
3373	3	28	3	\N
3373	1	8	4	1
3373	1	7	5	\N
3373	1	6	6	\N
3373	1	5	7	2
3373	1	4	8	3
3373	1	3	9	4
3373	1	2	10	5
3373	2	18	11	6
3375	3	30	0	0
3375	2	21	1	1
3375	3	29	2	2
3375	3	28	3	\N
3375	1	8	4	\N
3375	1	7	5	3
3375	1	6	6	4
3375	1	5	7	\N
3375	1	4	8	\N
3375	1	3	9	5
3375	1	2	10	\N
3375	2	18	11	\N
3375	2	17	12	\N
3375	2	16	13	6
3416	3	31	0	0
3416	3	30	1	1
3416	2	21	2	2
3416	2	20	3	\N
3416	2	19	4	3
3422	3	31	0	0
3422	3	30	1	1
3422	2	21	2	2
3422	2	20	3	3
3422	2	19	4	4
3422	1	4	5	\N
3422	1	3	6	\N
3422	1	2	7	5
3422	1	5	8	6
3422	1	6	9	7
3441	3	31	0	0
3441	3	30	1	1
3441	2	21	2	2
3441	2	20	3	\N
3441	2	19	4	3
3441	1	4	5	4
3441	1	5	6	5
3441	1	6	7	6
3441	1	7	8	\N
3441	1	8	9	7
3441	3	27	10	8
3441	3	26	11	9
3441	3	28	12	10
3443	3	31	0	0
3443	3	30	1	\N
3443	2	21	2	\N
3443	2	20	3	1
3443	2	19	4	2
3443	1	4	5	\N
3443	1	5	6	\N
3443	1	6	7	\N
3443	1	7	8	\N
3443	1	8	9	3
3443	3	28	10	4
3443	2	18	11	5
3444	3	31	0	0
3444	3	30	1	\N
3444	2	21	2	1
3444	2	20	3	\N
3444	2	19	4	\N
3444	1	4	5	\N
3444	1	5	6	2
3444	1	6	7	3
3444	1	7	8	\N
3444	1	8	9	4
3444	3	28	10	\N
3444	2	18	11	\N
3444	2	17	12	5
3446	3	31	0	0
3446	3	30	1	\N
3446	2	21	2	1
3446	2	20	3	2
3446	2	19	4	3
3446	1	4	5	\N
3446	2	18	6	4
3446	2	17	7	5
3446	2	22	8	6
3457	3	31	0	0
3457	3	30	1	1
3457	2	21	2	2
3457	2	22	3	3
3457	2	23	4	\N
3457	3	29	5	4
3457	3	28	6	\N
3457	1	8	7	\N
3457	1	7	8	\N
3457	1	6	9	\N
3457	1	5	10	\N
3457	1	4	11	\N
3457	1	3	12	5
3457	1	2	13	6
3458	3	31	0	0
3458	3	30	1	1
3458	2	21	2	\N
3458	2	22	3	\N
3458	2	23	4	\N
3458	3	29	5	\N
3458	3	28	6	\N
3458	1	8	7	2
3458	1	7	8	3
3458	1	6	9	4
3458	1	5	10	\N
3458	1	4	11	5
3458	1	3	12	\N
3458	1	2	13	\N
3458	1	1	14	6
3461	3	31	0	0
3461	3	30	1	1
3461	2	21	2	2
3461	3	29	3	3
3461	3	28	4	4
3461	1	8	5	\N
3461	1	7	6	\N
3461	1	6	7	5
3461	1	5	8	6
3461	1	4	9	\N
3461	1	3	10	\N
3461	1	2	11	\N
3461	2	18	12	\N
3461	2	17	13	7
3461	2	16	14	8
3467	3	31	0	0
3467	3	30	1	\N
3467	2	21	2	\N
3467	3	29	3	\N
3467	3	28	4	\N
3467	1	8	5	1
3467	1	7	6	2
3467	1	6	7	\N
3467	1	5	8	\N
3467	1	4	9	\N
3467	2	19	10	\N
3467	1	9	11	3
3467	1	10	12	4
3467	1	11	13	\N
3467	1	12	14	5
3473	3	31	0	0
3473	3	30	1	\N
3473	2	21	2	1
3473	3	29	3	\N
3473	3	28	4	\N
3473	1	8	5	2
3473	1	9	6	3
3473	1	10	7	4
3473	1	11	8	\N
3473	1	12	9	\N
3473	1	13	10	5
3473	1	14	11	6
3473	4	38	12	\N
3473	4	37	13	7
3473	4	36	14	8
3478	3	31	0	0
3478	3	30	1	1
3478	2	21	2	\N
3478	3	29	3	2
3478	3	28	4	\N
3478	1	8	5	3
3478	1	9	6	\N
3478	1	10	7	4
3478	1	11	8	5
3478	4	39	9	6
3478	3	27	10	7
3478	3	26	11	8
3503	3	32	0	0
3503	3	31	1	1
3503	3	30	2	2
3503	2	21	3	\N
3503	2	20	4	\N
3503	2	19	5	3
3503	1	4	6	4
3511	3	32	0	0
3511	3	31	1	1
3511	3	30	2	2
3511	2	21	3	\N
3511	2	20	4	3
3511	2	19	5	\N
3511	1	4	6	4
3511	1	3	7	5
3511	1	2	8	6
3511	1	5	9	\N
3511	1	6	10	7
3511	1	7	11	\N
3511	1	8	12	8
3511	1	9	13	9
3513	3	32	0	0
3513	3	31	1	\N
3513	3	30	2	1
3513	2	21	3	\N
3513	2	20	4	2
3513	2	19	5	\N
3513	1	4	6	3
3513	1	3	7	\N
3513	1	2	8	\N
3513	1	5	9	\N
3513	1	6	10	4
3513	1	7	11	5
3513	1	8	12	6
3513	1	9	13	7
3513	1	10	14	8
3513	1	11	15	9
3526	3	32	0	0
3526	3	31	1	\N
3526	3	30	2	1
3526	2	21	3	2
3526	2	20	4	\N
3526	2	19	5	\N
3526	1	4	6	3
3526	1	5	7	4
3526	1	6	8	\N
3526	1	7	9	\N
3526	1	8	10	5
3526	1	9	11	6
3526	1	10	12	7
3526	1	11	13	\N
3526	4	39	14	8
3526	3	27	15	9
3526	3	26	16	10
3526	3	25	17	11
3529	3	32	0	0
3529	3	31	1	1
3529	3	30	2	2
3529	2	21	3	3
3529	2	20	4	\N
3529	2	19	5	\N
3529	1	4	6	4
3529	1	5	7	5
3529	1	6	8	\N
3529	1	7	9	\N
3529	1	8	10	\N
3529	3	28	11	6
3529	2	18	12	7
3538	3	32	0	0
3538	3	31	1	\N
3538	3	30	2	\N
3538	2	21	3	\N
3538	2	22	4	\N
3538	2	23	5	\N
3538	3	29	6	\N
3538	3	28	7	\N
3538	1	8	8	1
3538	1	7	9	2
3563	3	32	0	0
3563	3	31	1	1
3563	3	30	2	\N
3563	2	21	3	\N
3563	3	29	4	2
3563	3	28	5	\N
3563	1	8	6	\N
3563	1	9	7	3
3563	1	10	8	4
3563	1	11	9	\N
3563	4	39	10	5
3563	3	27	11	6
3565	3	32	0	0
3565	3	31	1	\N
3565	3	30	2	\N
3565	2	21	3	1
3565	3	29	4	2
3565	3	28	5	3
3565	1	8	6	4
3565	1	9	7	5
3565	1	10	8	\N
3565	1	11	9	6
3565	4	39	10	\N
3565	3	27	11	\N
3565	3	26	12	\N
3565	3	25	13	7
3572	3	32	0	0
3572	3	31	1	\N
3572	3	30	2	\N
3572	2	21	3	1
3572	4	40	4	\N
3572	4	39	5	2
3572	1	11	6	3
3572	1	10	7	4
3572	1	12	8	\N
3572	1	13	9	5
3577	3	32	0	0
3577	3	31	1	\N
3577	3	30	2	\N
3577	2	21	3	1
3577	4	40	4	\N
3577	4	39	5	\N
3577	1	11	6	2
3577	1	12	7	\N
3577	1	13	8	3
3577	1	14	9	4
3577	4	38	10	\N
3577	4	37	11	5
3577	4	36	12	6
3581	3	32	0	0
3581	3	31	1	\N
3581	3	30	2	1
3581	2	21	3	\N
3581	4	41	4	\N
3581	3	33	5	2
3590	3	33	0	0
3590	3	32	1	\N
3590	3	31	2	\N
3590	3	30	3	\N
3590	2	21	4	\N
3590	2	20	5	1
3590	2	19	6	2
3590	1	4	7	3
3590	1	3	8	4
3610	3	33	0	0
3610	3	32	1	1
3610	3	31	2	\N
3610	3	30	3	2
3610	2	21	4	3
3610	2	20	5	\N
3610	2	19	6	\N
3610	1	4	7	4
3610	1	5	8	5
3610	1	6	9	6
3610	1	7	10	7
3610	1	8	11	\N
3610	1	9	12	\N
3610	1	10	13	8
3610	1	11	14	\N
3610	4	39	15	\N
3610	3	27	16	9
3611	3	33	0	0
3611	3	32	1	1
3611	3	31	2	2
3611	3	30	3	\N
3611	2	21	4	\N
3611	2	20	5	3
3611	2	19	6	\N
3611	1	4	7	4
3611	1	5	8	5
3611	1	6	9	\N
3611	1	7	10	\N
3611	1	8	11	\N
3611	1	9	12	6
3611	1	10	13	7
3611	1	11	14	8
3611	4	39	15	9
3611	3	27	16	10
3611	3	26	17	11
3612	3	33	0	0
3612	3	32	1	1
3612	3	31	2	\N
3612	3	30	3	\N
3612	2	21	4	\N
3612	2	20	5	\N
3612	2	19	6	\N
3612	1	4	7	\N
3612	1	5	8	2
3612	1	6	9	3
3612	1	7	10	4
3612	1	8	11	\N
3612	1	9	12	\N
3612	1	10	13	5
3612	1	11	14	\N
3612	4	39	15	6
3612	3	27	16	\N
3612	3	26	17	7
3612	3	25	18	8
3664	3	33	0	0
3664	3	32	1	\N
3664	3	31	2	\N
3664	3	30	3	\N
3664	2	21	4	\N
3664	4	40	5	1
3664	4	39	6	2
3664	1	11	7	3
3664	1	12	8	\N
3664	1	13	9	\N
3664	1	14	10	4
3664	4	38	11	5
3664	4	37	12	\N
3664	4	36	13	6
3664	4	35	14	7
3690	3	34	0	0
3690	3	33	1	1
3690	3	32	2	\N
3690	3	31	3	2
3690	3	30	4	\N
3690	2	21	5	\N
3690	2	20	6	3
3690	2	19	7	4
3690	1	4	8	\N
3690	1	5	9	\N
3690	1	6	10	\N
3690	1	7	11	5
3690	1	8	12	\N
3690	1	9	13	6
3690	1	10	14	\N
3690	1	11	15	7
3690	1	12	16	\N
3690	1	13	17	\N
3690	1	14	18	8
3690	4	38	19	9
3698	3	34	0	0
3698	3	33	1	\N
3698	3	32	2	1
3698	3	31	3	\N
3698	3	30	4	\N
3698	2	21	5	\N
3698	2	20	6	\N
3698	2	19	7	2
3698	1	4	8	3
3698	1	5	9	4
3698	1	6	10	\N
3698	1	7	11	\N
3698	1	8	12	\N
3698	1	9	13	5
3698	1	10	14	\N
3698	1	11	15	\N
3698	4	39	16	6
3698	3	27	17	7
3698	3	26	18	8
3698	3	25	19	9
3724	3	34	0	0
3724	3	33	1	\N
3724	3	32	2	\N
3724	3	31	3	1
3724	3	30	4	2
3724	2	21	5	\N
3724	3	29	6	3
3724	3	28	7	\N
3724	1	8	8	\N
3724	1	7	9	\N
3724	1	6	10	\N
3724	1	5	11	\N
3724	1	4	12	4
3724	2	19	13	5
3724	1	9	14	6
3724	1	10	15	7
3724	1	11	16	8
3726	3	34	0	0
3726	3	33	1	\N
3726	3	32	2	1
3726	3	31	3	2
3726	3	30	4	\N
3726	2	21	5	\N
3726	3	29	6	3
3726	3	28	7	4
3726	1	8	8	5
3726	1	7	9	6
3726	1	6	10	\N
3726	1	5	11	7
3726	1	4	12	8
3726	2	19	13	9
3726	1	9	14	\N
3726	1	10	15	\N
3726	1	11	16	\N
3726	1	12	17	10
3726	1	13	18	11
3728	3	34	0	0
3728	3	33	1	\N
3728	3	32	2	\N
3728	3	31	3	1
3728	3	30	4	2
3728	2	21	5	\N
3728	3	29	6	\N
3728	3	28	7	\N
3728	1	8	8	\N
3728	1	7	9	\N
3728	1	6	10	\N
3728	1	5	11	3
3728	1	4	12	4
3728	2	19	13	\N
3728	1	9	14	5
3728	1	10	15	\N
3728	1	11	16	6
3728	1	12	17	7
3728	1	13	18	8
3728	1	14	19	\N
3728	1	15	20	9
3730	3	34	0	0
3730	3	33	1	\N
3730	3	32	2	\N
3730	3	31	3	1
3730	3	30	4	\N
3730	2	21	5	2
3730	3	29	6	\N
3730	3	28	7	\N
3730	1	8	8	\N
3730	1	9	9	3
3730	1	10	10	4
3730	1	11	11	5
3730	1	12	12	6
3730	1	13	13	\N
3730	1	14	14	\N
3730	4	38	15	7
3730	4	37	16	8
3739	3	34	0	0
3739	3	33	1	\N
3739	3	32	2	1
3739	3	31	3	2
3739	3	30	4	3
3739	2	21	5	\N
3739	3	29	6	\N
3739	3	28	7	\N
3739	1	8	8	\N
3739	3	27	9	\N
3739	3	26	10	4
3739	4	40	11	5
3739	4	39	12	6
3743	3	34	0	0
3743	3	33	1	1
3743	3	32	2	\N
3743	3	31	3	2
3743	3	30	4	3
3743	2	21	5	\N
3743	4	40	6	4
3743	4	39	7	5
3743	1	11	8	6
3743	1	10	9	\N
3743	1	12	10	7
3747	3	34	0	0
3747	3	33	1	\N
3747	3	32	2	1
3747	3	31	3	2
3747	3	30	4	3
3747	2	21	5	\N
3747	4	40	6	\N
3747	4	39	7	4
3747	1	11	8	\N
3747	1	12	9	\N
3747	1	13	10	5
3747	1	14	11	\N
3747	4	38	12	6
3753	4	35	0	0
3753	4	36	1	1
3759	4	35	0	0
3759	4	36	1	1
3759	4	37	2	\N
3759	4	38	3	\N
3759	1	11	4	2
3759	1	10	5	\N
3759	1	9	6	\N
3759	1	8	7	3
3777	4	35	0	0
3777	4	36	1	\N
3777	4	37	2	1
3777	4	38	3	\N
3777	1	11	4	2
3777	1	10	5	\N
3777	1	9	6	\N
3777	1	8	7	\N
3777	1	7	8	\N
3777	1	6	9	\N
3777	1	5	10	3
3777	1	4	11	4
3777	2	19	12	5
3777	2	20	13	\N
3777	2	21	14	\N
3777	2	22	15	\N
3777	2	23	16	\N
3777	3	29	17	6
3777	3	28	18	7
3788	4	35	0	0
3788	4	36	1	1
3788	4	37	2	\N
3788	4	38	3	\N
3788	1	11	4	\N
3788	1	10	5	2
3788	1	9	6	3
3788	1	8	7	4
3788	1	7	8	5
3788	1	6	9	\N
3788	1	5	10	6
3788	1	4	11	7
3788	2	19	12	\N
3788	2	20	13	\N
3788	2	21	14	\N
3788	4	41	15	\N
3788	3	27	16	\N
3788	3	26	17	8
3793	4	35	0	0
3793	4	36	1	\N
3793	4	37	2	1
3793	4	38	3	2
3793	1	11	4	\N
3793	1	10	5	\N
3793	1	9	6	3
3793	1	8	7	\N
3793	3	27	8	4
3793	3	26	9	5
3793	3	28	10	\N
3793	3	29	11	\N
3793	2	21	12	\N
3793	2	20	13	6
3813	4	35	0	0
3813	4	36	1	1
3813	4	37	2	\N
3813	4	38	3	\N
3813	1	11	4	\N
3813	1	10	5	\N
3813	1	9	6	2
3813	1	8	7	3
3813	3	28	8	4
3813	3	29	9	5
3813	2	21	10	6
3813	3	30	11	\N
3813	3	31	12	\N
3813	3	32	13	7
3813	3	33	14	\N
3813	4	40	15	8
3815	4	35	0	0
3815	4	36	1	1
3815	4	37	2	\N
3815	4	38	3	\N
3815	1	11	4	2
3815	1	10	5	3
3815	1	9	6	\N
3815	1	8	7	\N
3815	3	28	8	4
3815	3	29	9	5
3815	2	21	10	\N
3815	4	40	11	\N
3815	4	41	12	6
3821	4	35	0	0
3821	4	36	1	1
3821	4	37	2	\N
3821	4	38	3	\N
3821	1	11	4	2
3821	1	12	5	\N
3821	1	13	6	\N
3821	1	14	7	\N
3821	4	39	8	3
3822	4	35	0	0
3822	4	36	1	\N
3822	4	37	2	\N
3822	4	38	3	\N
3822	1	11	4	1
3822	1	12	5	2
3822	1	13	6	\N
3822	1	14	7	\N
3822	4	39	8	\N
3822	4	40	9	3
3843	4	35	0	0
3843	4	36	1	\N
3843	4	37	2	\N
3843	4	38	3	1
3843	1	11	4	2
3843	4	39	5	3
3843	4	40	6	\N
3843	2	21	7	\N
3843	2	20	8	4
3843	2	19	9	5
3843	1	4	10	6
3843	1	5	11	7
3843	1	6	12	8
3843	1	7	13	\N
3843	1	8	14	\N
3843	3	28	15	9
3843	2	18	16	\N
3843	2	17	17	\N
3843	2	16	18	10
3844	4	35	0	0
3844	4	36	1	1
3844	4	37	2	\N
3844	4	38	3	\N
3844	1	11	4	2
3844	4	39	5	\N
3844	4	40	6	3
3844	2	21	7	4
3844	2	20	8	5
3844	2	19	9	\N
3844	1	4	10	6
3844	2	18	11	\N
3844	2	17	12	\N
3844	2	22	13	7
3854	4	35	0	0
3854	4	36	1	\N
3854	4	37	2	\N
3854	4	38	3	\N
3854	1	11	4	1
3854	4	39	5	\N
3854	4	40	6	\N
3854	2	21	7	2
3854	2	22	8	3
3854	2	23	9	4
3854	3	29	10	5
3854	3	28	11	\N
3854	1	8	12	6
3854	1	7	13	\N
3854	1	6	14	\N
3854	1	5	15	\N
3854	1	4	16	7
3854	1	3	17	8
3870	4	35	0	0
3870	4	36	1	\N
3870	4	37	2	\N
3870	4	38	3	\N
3870	1	11	4	1
3870	4	39	5	2
3870	4	40	6	3
3870	2	21	7	4
3870	3	29	8	5
3870	3	28	9	\N
3870	1	8	10	6
3870	3	27	11	\N
3870	3	26	12	\N
3870	3	30	13	\N
3870	3	31	14	7
3870	3	32	15	\N
3870	3	33	16	8
3877	4	36	0	0
3877	4	37	1	1
3877	4	38	2	\N
3877	1	11	3	2
3878	4	36	0	0
3878	4	37	1	\N
3878	4	38	2	1
3878	1	11	3	2
3878	1	10	4	3
3917	4	36	0	0
3917	4	37	1	1
3917	4	38	2	2
3917	1	11	3	3
3917	1	10	4	\N
3917	1	9	5	4
3917	1	8	6	5
3917	3	27	7	\N
3917	3	26	8	\N
3917	3	28	9	\N
3917	3	29	10	\N
3917	2	21	11	6
3917	2	20	12	\N
3917	2	19	13	\N
3917	1	4	14	\N
3917	1	3	15	7
3925	4	36	0	0
3925	4	37	1	1
3925	4	38	2	\N
3925	1	11	3	\N
3925	1	10	4	2
3925	1	9	5	3
3925	1	8	6	4
3925	3	28	7	\N
3925	3	29	8	5
3925	2	21	9	\N
3925	2	20	10	\N
3925	2	19	11	6
3925	1	4	12	7
3925	1	5	13	8
3925	1	6	14	9
3925	2	18	15	10
3925	2	17	16	11
3925	2	16	17	12
3928	4	36	0	0
3928	4	37	1	\N
3928	4	38	2	1
3928	1	11	3	\N
3928	1	10	4	2
3928	1	9	5	\N
3928	1	8	6	3
3928	3	28	7	4
3928	3	29	8	\N
3928	2	21	9	5
3928	2	20	10	6
3928	2	19	11	\N
3928	1	4	12	\N
3928	2	18	13	\N
3928	2	17	14	7
3928	2	22	15	\N
3928	2	23	16	8
3928	2	24	17	9
3957	4	36	0	0
3957	4	37	1	\N
3957	4	38	2	1
3957	1	11	3	\N
3957	4	39	4	2
3957	4	40	5	\N
3957	2	21	6	\N
3957	2	20	7	3
3957	2	19	8	4
3957	1	4	9	\N
3957	1	5	10	\N
3957	1	6	11	5
3957	1	7	12	\N
3957	1	8	13	6
3957	1	9	14	7
3957	3	27	15	8
3962	4	36	0	0
3962	4	37	1	1
3962	4	38	2	\N
3962	1	11	3	2
3962	4	39	4	\N
3962	4	40	5	3
3962	2	21	6	\N
3962	2	20	7	4
3962	2	19	8	\N
3962	1	4	9	5
3962	1	5	10	\N
3962	1	6	11	6
3962	1	7	12	\N
3962	1	8	13	7
3962	3	28	14	8
3962	2	18	15	9
3991	4	36	0	0
3991	4	37	1	1
3991	4	38	2	2
3991	1	11	3	\N
3991	4	39	4	\N
3991	4	40	5	\N
3991	2	21	6	3
3991	3	29	7	\N
3991	3	28	8	4
3991	1	8	9	5
3991	3	27	10	6
3991	3	26	11	7
3991	3	30	12	8
3991	3	31	13	\N
3991	3	32	14	\N
3991	3	33	15	9
3997	4	37	0	0
3997	4	36	1	\N
3997	4	38	2	1
3998	4	37	0	0
3998	4	36	1	1
3998	4	38	2	2
3998	1	11	3	3
4001	4	37	0	0
4001	4	36	1	1
4001	4	38	2	\N
4001	1	11	3	\N
4001	1	10	4	2
4001	1	9	5	3
4001	1	8	6	4
4002	4	37	0	0
4002	4	36	1	\N
4002	4	38	2	1
4002	1	11	3	2
4002	1	10	4	3
4002	1	9	5	\N
4002	1	8	6	4
4002	1	7	7	5
4003	4	37	0	0
4003	4	36	1	1
4003	4	38	2	2
4003	1	11	3	\N
4003	1	10	4	3
4003	1	9	5	4
4003	1	8	6	5
4003	1	7	7	6
4003	1	6	8	7
4011	4	37	0	0
4011	4	38	1	1
4011	1	11	2	2
4011	1	10	3	\N
4011	1	9	4	3
4011	1	8	5	4
4011	1	7	6	5
4011	1	6	7	\N
4011	1	5	8	6
4011	1	4	9	\N
4011	1	3	10	7
4011	1	2	11	8
4011	2	18	12	\N
4011	2	17	13	\N
4011	2	16	14	9
4015	4	37	0	0
4015	4	38	1	1
4015	1	11	2	2
4015	1	10	3	\N
4015	1	9	4	3
4015	1	8	5	4
4015	1	7	6	5
4015	1	6	7	\N
4015	1	5	8	\N
4015	1	4	9	\N
4015	2	18	10	6
4015	2	17	11	7
4015	2	19	12	8
4015	2	20	13	\N
4015	2	21	14	\N
4015	2	22	15	9
4021	4	37	0	0
4021	4	38	1	1
4021	1	11	2	2
4021	1	10	3	3
4021	1	9	4	\N
4021	1	8	5	\N
4021	1	7	6	4
4021	1	6	7	\N
4021	1	5	8	5
4021	1	4	9	\N
4021	2	19	10	\N
4021	2	20	11	\N
4021	2	21	12	\N
4021	3	29	13	\N
4021	3	30	14	\N
4021	3	31	15	6
4025	4	37	0	0
4025	4	38	1	\N
4025	1	11	2	\N
4025	1	10	3	\N
4025	1	9	4	1
4025	1	8	5	2
4025	1	7	6	3
4025	1	6	7	\N
4025	1	5	8	4
4025	1	4	9	\N
4025	2	19	10	\N
4025	2	20	11	5
4025	2	21	12	6
4025	3	30	13	7
4025	3	31	14	\N
4025	3	32	15	8
4025	3	33	16	9
4025	4	40	17	10
4034	4	37	0	0
4034	4	38	1	1
4034	1	11	2	\N
4034	1	10	3	2
4034	1	9	4	\N
4034	1	8	5	3
4034	3	27	6	\N
4034	3	26	7	\N
4034	3	28	8	\N
4034	3	29	9	\N
4034	2	21	10	4
4046	4	37	0	0
4046	4	38	1	\N
4046	1	11	2	1
4046	1	10	3	\N
4046	1	9	4	2
4046	1	8	5	3
4046	3	28	6	\N
4046	3	29	7	4
4046	2	21	8	\N
4046	2	20	9	5
4046	2	19	10	\N
4046	1	4	11	6
4046	1	5	12	\N
4046	1	6	13	7
4046	2	18	14	\N
4046	2	17	15	\N
4046	2	16	16	8
4053	4	37	0	0
4053	4	38	1	1
4053	1	11	2	2
4053	1	10	3	3
4053	1	9	4	4
4053	1	8	5	\N
4053	3	28	6	5
4053	3	29	7	\N
4053	2	21	8	6
4053	2	22	9	\N
4053	2	23	10	7
4053	3	30	11	8
4053	3	31	12	9
4053	3	32	13	10
4053	3	33	14	11
4054	4	37	0	0
4054	4	38	1	1
4054	1	11	2	\N
4054	1	10	3	2
4054	1	9	4	3
4054	1	8	5	\N
4054	3	28	6	4
4054	3	29	7	\N
4054	2	21	8	\N
4054	2	22	9	\N
4054	2	23	10	5
4054	3	30	11	6
4054	3	31	12	\N
4054	3	32	13	\N
4054	3	33	14	\N
4054	3	34	15	7
4069	4	37	0	0
4069	4	38	1	\N
4069	1	11	2	\N
4069	1	12	3	\N
4069	1	13	4	\N
4069	1	14	5	\N
4069	4	39	6	\N
4069	4	40	7	\N
4069	2	21	8	1
4069	2	20	9	\N
4069	2	19	10	\N
4069	1	4	11	2
4069	1	3	12	3
4083	4	37	0	0
4083	4	38	1	\N
4083	1	11	2	\N
4083	4	39	3	1
4083	4	40	4	\N
4083	2	21	5	2
4083	2	20	6	\N
4083	2	19	7	\N
4083	1	4	8	3
4083	1	5	9	\N
4083	1	6	10	\N
4083	1	7	11	4
4083	1	8	12	\N
4083	3	28	13	\N
4083	2	18	14	5
4093	4	37	0	0
4093	4	38	1	1
4093	1	11	2	2
4093	4	39	3	\N
4093	4	40	4	\N
4093	2	21	5	\N
4093	2	22	6	\N
4093	2	23	7	3
4093	3	29	8	\N
4093	3	28	9	4
4093	1	8	10	\N
4093	1	7	11	5
4093	1	6	12	6
4095	4	37	0	0
4095	4	38	1	\N
4095	1	11	2	1
4095	4	39	3	\N
4095	4	40	4	2
4095	2	21	5	3
4095	2	22	6	4
4095	2	23	7	\N
4095	3	29	8	\N
4095	3	28	9	\N
4095	1	8	10	5
4095	1	7	11	\N
4095	1	6	12	\N
4095	1	5	13	6
4095	1	4	14	7
4119	4	38	0	0
4119	1	11	1	1
4119	1	10	2	2
4119	1	9	3	\N
4119	1	8	4	3
4135	4	38	0	0
4135	1	11	1	1
4135	1	10	2	2
4135	1	9	3	3
4135	1	8	4	4
4135	1	7	5	\N
4135	1	6	6	\N
4135	1	5	7	5
4135	1	4	8	\N
4135	2	18	9	6
4135	2	17	10	7
4135	2	19	11	8
4135	2	20	12	\N
4135	2	21	13	\N
4135	2	22	14	9
4135	2	23	15	10
4135	2	24	16	11
4139	4	38	0	0
4139	1	11	1	\N
4139	1	10	2	1
4139	1	9	3	\N
4139	1	8	4	2
4139	1	7	5	\N
4139	1	6	6	\N
4139	1	5	7	\N
4139	1	4	8	\N
4139	2	19	9	\N
4139	2	20	10	3
4139	2	21	11	\N
4139	3	29	12	4
4139	3	30	13	5
4139	3	31	14	6
4155	4	38	0	0
4155	1	11	1	1
4155	1	10	2	2
4155	1	9	3	3
4155	1	8	4	\N
4155	3	27	5	4
4155	3	26	6	5
4155	3	28	7	\N
4155	3	29	8	\N
4155	2	21	9	\N
4155	2	20	10	\N
4155	2	19	11	6
4155	1	4	12	7
4168	4	38	0	0
4168	1	11	1	1
4168	1	10	2	\N
4168	1	9	3	\N
4168	1	8	4	2
4168	3	28	5	\N
4168	3	29	6	\N
4168	2	21	7	3
4168	2	22	8	\N
4168	2	23	9	4
4168	3	30	10	5
4173	4	38	0	0
4173	1	11	1	1
4173	1	10	2	2
4173	1	9	3	\N
4173	1	8	4	\N
4173	3	28	5	\N
4173	3	29	6	3
4173	2	21	7	\N
4173	3	30	8	\N
4173	3	31	9	\N
4173	3	32	10	4
4173	3	33	11	\N
4173	4	40	12	5
4177	4	38	0	0
4177	1	11	1	1
4177	1	10	2	2
4177	1	9	3	3
4177	1	8	4	4
4177	3	28	5	5
4177	3	29	6	6
4177	2	21	7	\N
4177	4	41	8	7
4177	1	12	9	8
4183	4	38	0	0
4183	1	11	1	\N
4183	1	12	2	1
4183	1	13	3	\N
4183	1	14	4	2
4183	4	39	5	\N
4183	4	40	6	3
4183	2	21	7	4
4192	4	38	0	0
4192	1	11	1	1
4192	4	39	2	\N
4192	4	40	3	2
4192	2	21	4	\N
4192	2	20	5	\N
4192	2	19	6	3
4192	1	4	7	4
4192	1	3	8	\N
4192	1	2	9	\N
4192	1	5	10	5
4192	1	6	11	\N
4192	1	7	12	6
4193	4	38	0	0
4193	1	11	1	\N
4193	4	39	2	\N
4193	4	40	3	1
4193	2	21	4	\N
4193	2	20	5	2
4193	2	19	6	\N
4193	1	4	7	3
4193	1	3	8	\N
4193	1	2	9	\N
4193	1	5	10	4
4193	1	6	11	5
4193	1	7	12	\N
4193	1	8	13	6
4209	4	38	0	0
4209	1	11	1	\N
4209	4	39	2	\N
4209	4	40	3	1
4209	2	21	4	2
4209	2	22	5	\N
4209	2	23	6	3
4209	3	29	7	\N
4209	3	28	8	4
4209	1	8	9	5
4220	4	38	0	0
4220	1	11	1	1
4220	4	39	2	\N
4220	4	40	3	2
4220	2	21	4	\N
4220	3	29	5	\N
4220	3	28	6	\N
4220	1	8	7	3
4220	1	7	8	4
4220	1	6	9	5
4220	1	5	10	6
4220	1	4	11	7
4220	2	18	12	\N
4220	2	17	13	\N
4220	2	19	14	8
4226	4	38	0	0
4226	1	11	1	\N
4226	4	39	2	\N
4226	4	40	3	1
4226	2	21	4	\N
4226	3	29	5	2
4226	3	28	6	\N
4226	1	8	7	\N
4226	1	9	8	\N
4226	3	27	9	\N
4226	3	26	10	3
4226	3	25	11	4
4231	4	38	0	0
4231	1	11	1	\N
4231	4	39	2	\N
4231	4	40	3	1
4231	2	21	4	\N
4231	3	29	5	2
4231	3	28	6	\N
4231	1	8	7	\N
4231	3	27	8	\N
4231	3	26	9	3
4231	3	30	10	\N
4231	3	31	11	\N
4231	3	32	12	\N
4231	3	33	13	4
4231	3	34	14	5
4234	4	38	0	0
4234	1	11	1	\N
4234	4	39	2	\N
4234	4	40	3	1
4234	2	21	4	\N
4234	4	41	5	\N
4234	4	37	6	2
4238	4	39	0	0
4238	1	11	1	1
4238	1	10	2	2
4244	4	39	0	0
4244	1	11	1	\N
4244	1	10	2	\N
4244	1	9	3	1
4244	1	8	4	2
4244	1	7	5	3
4244	1	6	6	\N
4244	1	5	7	\N
4244	1	4	8	4
4269	4	39	0	0
4269	1	11	1	1
4269	1	10	2	2
4269	1	9	3	\N
4269	1	8	4	\N
4269	1	7	5	\N
4269	1	6	6	3
4269	1	5	7	\N
4269	1	4	8	4
4269	2	19	9	\N
4269	2	20	10	\N
4269	2	21	11	5
4269	4	41	12	6
4269	3	27	13	\N
4269	3	26	14	\N
4269	3	25	15	7
4272	4	39	0	0
4272	1	11	1	1
4272	1	10	2	\N
4272	1	9	3	2
4272	1	8	4	3
4272	3	27	5	\N
4272	3	26	6	4
4272	3	28	7	\N
4272	3	29	8	\N
4272	2	21	9	5
4273	4	39	0	0
4273	1	11	1	\N
4273	1	10	2	1
4273	1	9	3	2
4273	1	8	4	\N
4273	3	27	5	\N
4273	3	26	6	\N
4273	3	28	7	\N
4273	3	29	8	\N
4273	2	21	9	3
4273	2	20	10	4
4279	4	39	0	0
4279	1	11	1	1
4279	1	10	2	2
4279	1	9	3	3
4279	1	8	4	\N
4279	3	28	5	4
4279	3	29	6	5
4279	2	21	7	\N
4279	2	20	8	\N
4279	2	19	9	6
4279	1	4	10	\N
4279	1	3	11	7
4279	1	2	12	8
4279	1	5	13	9
4287	4	39	0	0
4287	1	11	1	1
4287	1	10	2	\N
4287	1	9	3	2
4287	1	8	4	\N
4287	3	28	5	\N
4287	3	29	6	\N
4287	2	21	7	3
4287	2	20	8	\N
4287	2	19	9	4
4287	1	4	10	\N
4287	2	18	11	5
4287	2	17	12	\N
4287	2	22	13	6
4287	2	23	14	\N
4287	2	24	15	7
4306	4	39	0	0
4306	1	11	1	\N
4306	4	38	2	1
4306	4	37	3	2
4306	4	36	4	3
4306	4	40	5	\N
4306	2	21	6	\N
4306	2	20	7	4
4314	4	39	0	0
4314	4	40	1	1
4314	2	21	2	\N
4314	2	20	3	\N
4314	2	19	4	2
4314	1	4	5	\N
4314	1	3	6	3
4314	1	2	7	4
4314	1	5	8	\N
4314	1	6	9	5
4314	1	7	10	6
4317	4	39	0	0
4317	4	40	1	1
4317	2	21	2	2
4317	2	20	3	3
4317	2	19	4	4
4317	1	4	5	\N
4317	1	3	6	\N
4317	1	2	7	5
4317	1	5	8	6
4317	1	6	9	7
4317	1	7	10	\N
4317	1	8	11	\N
4317	1	9	12	8
4317	1	10	13	9
4334	4	39	0	0
4334	4	40	1	1
4334	2	21	2	2
4334	2	20	3	3
4334	2	19	4	4
4334	1	4	5	5
4334	1	5	6	6
4334	1	6	7	7
4334	1	7	8	8
4334	1	8	9	\N
4334	3	28	10	\N
4334	2	18	11	9
4334	2	17	12	\N
4334	2	16	13	10
4340	4	39	0	0
4340	4	40	1	1
4340	2	21	2	\N
4340	2	22	3	\N
4340	2	23	4	2
4340	3	29	5	\N
4340	3	28	6	3
4340	1	8	7	4
4343	4	39	0	0
4343	4	40	1	1
4343	2	21	2	2
4343	2	22	3	\N
4343	2	23	4	3
4343	3	29	5	\N
4343	3	28	6	\N
4343	1	8	7	4
4343	1	7	8	5
4343	1	6	9	\N
4343	1	5	10	6
4351	4	39	0	0
4351	4	40	1	\N
4351	2	21	2	1
4351	3	29	3	2
4351	3	28	4	\N
4351	1	8	5	3
4351	1	7	6	4
4351	1	6	7	5
4351	1	5	8	\N
4351	1	4	9	6
4351	2	18	10	\N
4351	2	17	11	\N
4351	2	19	12	7
4358	4	39	0	0
4358	4	40	1	\N
4358	2	21	2	1
4358	3	29	3	2
4358	3	28	4	\N
4358	1	8	5	3
4358	1	7	6	\N
4358	1	6	7	\N
4358	1	5	8	4
4358	1	4	9	\N
4358	2	19	10	5
4358	1	9	11	6
4358	1	10	12	\N
4358	1	11	13	\N
4358	1	12	14	\N
4358	1	13	15	\N
4358	1	14	16	7
4363	4	39	0	0
4363	4	40	1	1
4363	2	21	2	\N
4363	3	29	3	2
4363	3	28	4	3
4363	1	8	5	\N
4363	1	9	6	4
4363	1	10	7	\N
4363	1	11	8	5
4363	1	12	9	6
4363	1	13	10	7
4363	1	14	11	8
4363	4	38	12	\N
4363	4	37	13	\N
4363	4	36	14	9
4363	4	35	15	10
4368	4	39	0	0
4368	4	40	1	\N
4368	2	21	2	\N
4368	3	29	3	\N
4368	3	28	4	1
4368	1	8	5	2
4368	3	27	6	\N
4368	3	26	7	\N
4368	3	30	8	\N
4368	3	31	9	3
4375	4	40	0	0
4375	2	21	1	1
4375	2	20	2	2
4380	4	40	0	0
4380	2	21	1	\N
4380	2	20	2	\N
4380	2	19	3	\N
4380	1	4	4	\N
4380	1	3	5	1
4380	1	2	6	2
4380	1	1	7	3
4381	4	40	0	0
4381	2	21	1	\N
4381	2	20	2	1
4381	2	19	3	\N
4381	1	4	4	2
4381	1	3	5	\N
4381	1	2	6	3
4381	1	5	7	4
4416	4	40	0	0
4416	2	21	1	\N
4416	2	22	2	1
4416	2	23	3	\N
4416	3	29	4	2
4416	3	28	5	\N
4416	1	8	6	3
4416	1	7	7	\N
4416	1	6	8	4
4416	1	5	9	5
4416	1	4	10	\N
4416	1	3	11	\N
4416	1	2	12	6
4417	4	40	0	0
4417	2	21	1	1
4417	2	22	2	\N
4417	2	23	3	\N
4417	3	29	4	\N
4417	3	28	5	\N
4417	1	8	6	2
4417	1	7	7	\N
4417	1	6	8	\N
4417	1	5	9	3
4417	1	4	10	\N
4417	1	3	11	\N
4417	1	2	12	4
4417	1	1	13	5
4419	4	40	0	0
4419	2	21	1	1
4419	3	29	2	2
4419	3	28	3	\N
4419	1	8	4	3
4419	1	7	5	\N
4419	1	6	6	4
4419	1	5	7	5
4419	1	4	8	6
4419	1	3	9	7
4419	1	2	10	8
4419	2	18	11	9
4419	2	17	12	10
4428	4	40	0	0
4428	2	21	1	\N
4428	3	29	2	1
4428	3	28	3	\N
4428	1	8	4	2
4428	1	7	5	\N
4428	1	6	6	3
4428	1	5	7	4
4428	1	4	8	5
4428	2	19	9	6
4428	1	9	10	7
4428	1	10	11	\N
4428	1	11	12	\N
4428	1	12	13	\N
4428	1	13	14	\N
4428	1	14	15	8
4431	4	40	0	0
4431	2	21	1	\N
4431	3	29	2	\N
4431	3	28	3	1
4431	1	8	4	\N
4431	1	9	5	2
4431	1	10	6	3
4431	1	11	7	\N
4431	1	12	8	\N
4431	1	13	9	4
4431	1	14	10	5
4431	4	38	11	\N
4431	4	37	12	6
4439	4	40	0	0
4439	2	21	1	1
4439	3	29	2	2
4439	3	28	3	3
4439	1	8	4	4
4439	3	27	5	5
4439	3	26	6	6
4439	3	30	7	\N
4439	3	31	8	7
4443	4	40	0	0
4443	2	21	1	1
4443	3	30	2	\N
4443	3	31	3	\N
4443	3	32	4	2
4443	3	33	5	\N
4443	4	41	6	3
4457	4	40	0	0
4457	4	39	1	\N
4457	1	11	2	1
4457	1	10	3	2
4457	1	9	4	\N
4457	1	8	5	\N
4457	1	7	6	\N
4457	1	6	7	3
4457	1	5	8	4
4457	1	4	9	\N
4457	1	3	10	\N
4457	1	2	11	5
4457	2	18	12	6
4470	4	40	0	0
4470	4	39	1	1
4470	1	11	2	\N
4470	1	10	3	\N
4470	1	9	4	2
4470	1	8	5	3
4470	1	7	6	\N
4470	1	6	7	\N
4470	1	5	8	\N
4470	1	4	9	\N
4470	2	19	10	\N
4470	2	20	11	4
4470	2	21	12	\N
4470	3	29	13	5
4470	3	30	14	6
4470	3	31	15	\N
4470	3	32	16	7
4473	4	40	0	0
4473	4	39	1	1
4473	1	11	2	2
4473	1	10	3	\N
4473	1	9	4	\N
4473	1	8	5	3
4473	1	7	6	\N
4473	1	6	7	\N
4473	1	5	8	\N
4473	1	4	9	\N
4473	2	19	10	4
4473	2	20	11	5
4473	2	21	12	6
4473	3	30	13	\N
4473	3	31	14	7
4473	3	32	15	\N
4473	3	33	16	\N
4473	4	41	17	8
4476	4	40	0	0
4476	4	39	1	\N
4476	1	11	2	\N
4476	1	10	3	1
4476	1	9	4	2
4476	1	8	5	3
4476	1	7	6	4
4476	1	6	7	\N
4476	1	5	8	\N
4476	1	4	9	\N
4476	2	19	10	\N
4476	2	20	11	\N
4476	2	21	12	\N
4476	4	41	13	\N
4476	3	27	14	\N
4476	3	26	15	5
4486	4	40	0	0
4486	4	39	1	\N
4486	1	11	2	1
4486	1	10	3	2
4486	1	9	4	\N
4486	1	8	5	\N
4486	3	27	6	3
4486	3	26	7	4
4486	3	28	8	5
4486	3	29	9	\N
4486	2	21	10	\N
4486	2	20	11	6
4486	2	19	12	\N
4486	1	4	13	7
4486	1	3	14	8
4486	1	2	15	\N
4486	1	1	16	9
4524	4	41	0	0
4524	2	21	1	1
4524	2	20	2	\N
4524	2	19	3	2
4524	1	4	4	\N
4524	1	3	5	\N
4524	1	2	6	3
4524	1	5	7	\N
4524	1	6	8	4
4524	1	7	9	\N
4524	1	8	10	\N
4524	1	9	11	5
4524	1	10	12	\N
4524	1	11	13	6
4540	4	41	0	0
4540	2	21	1	1
4540	2	20	2	\N
4540	2	19	3	\N
4540	1	4	4	2
4540	1	5	5	\N
4540	1	6	6	\N
4540	1	7	7	\N
4540	1	8	8	\N
4540	3	28	9	\N
4540	2	18	10	3
4541	4	41	0	0
4541	2	21	1	1
4541	2	20	2	2
4541	2	19	3	3
4541	1	4	4	\N
4541	1	5	5	\N
4541	1	6	6	4
4541	1	7	7	\N
4541	1	8	8	5
4541	3	28	9	\N
4541	2	18	10	\N
4541	2	17	11	6
4552	4	41	0	0
4552	2	21	1	1
4552	2	22	2	\N
4552	2	23	3	2
4552	3	29	4	3
4552	3	28	5	\N
4552	1	8	6	4
4552	1	7	7	5
4552	1	6	8	6
4552	1	5	9	7
4552	1	4	10	8
4553	4	41	0	0
4553	2	21	1	1
4553	2	22	2	\N
4553	2	23	3	\N
4553	3	29	4	\N
4553	3	28	5	2
4553	1	8	6	\N
4553	1	7	7	3
4553	1	6	8	\N
4553	1	5	9	4
4553	1	4	10	5
4553	1	3	11	6
4557	4	41	0	0
4557	2	21	1	\N
4557	3	29	2	1
4557	3	28	3	2
4557	1	8	4	3
4557	1	7	5	\N
4557	1	6	6	\N
4557	1	5	7	\N
4557	1	4	8	4
4557	1	3	9	5
4557	1	2	10	6
4557	2	18	11	\N
4557	2	17	12	7
4560	4	41	0	0
4560	2	21	1	1
4560	3	29	2	\N
4560	3	28	3	2
4560	1	8	4	\N
4560	1	7	5	\N
4560	1	6	6	3
4560	1	5	7	\N
4560	1	4	8	\N
4560	2	18	9	\N
4560	2	17	10	4
4560	2	19	11	5
4560	2	20	12	6
4561	4	41	0	0
4561	2	21	1	\N
4561	3	29	2	1
4561	3	28	3	2
4561	1	8	4	3
4561	1	7	5	4
4561	1	6	6	\N
4561	1	5	7	5
4561	1	4	8	\N
4561	2	19	9	6
4561	1	9	10	7
4575	4	41	0	0
4575	2	21	1	1
4575	3	29	2	2
4575	3	28	3	\N
4575	1	8	4	3
4575	1	9	5	\N
4575	1	10	6	\N
4575	1	11	7	4
4575	4	39	8	5
4575	3	27	9	6
4575	3	26	10	7
4581	4	41	0	0
4581	2	21	1	\N
4581	3	29	2	1
4581	3	28	3	\N
4581	1	8	4	\N
4581	3	27	5	\N
4581	3	26	6	\N
4581	3	30	7	\N
4581	3	31	8	\N
4581	3	32	9	2
4581	3	33	10	\N
4581	3	34	11	3
4584	4	41	0	0
4584	2	21	1	\N
4584	3	30	2	1
4584	3	31	3	\N
4584	3	32	4	2
4584	3	33	5	3
4584	4	40	6	\N
4584	4	39	7	\N
4584	1	11	8	4
4604	4	41	0	0
4604	2	21	1	1
4604	4	40	2	\N
4604	4	39	3	2
4604	1	11	4	3
4604	1	10	5	4
4604	1	9	6	\N
4604	1	8	7	5
4604	3	27	8	6
4604	3	26	9	7
4604	3	28	10	\N
4604	3	29	11	8
4608	4	41	0	0
4608	2	21	1	1
4608	4	40	2	2
4608	4	39	3	3
4608	1	11	4	4
4608	1	10	5	5
4608	1	9	6	\N
4608	1	8	7	6
4608	3	28	8	\N
4608	1	12	9	7
4608	1	13	10	8
4608	1	14	11	\N
4608	1	15	12	9
4610	4	41	0	0
4610	2	21	1	\N
4610	4	40	2	\N
4610	4	39	3	\N
4610	1	11	4	1
4610	1	12	5	\N
4610	1	13	6	\N
4610	1	14	7	2
4610	4	38	8	\N
4610	4	37	9	3
4612	4	41	0	0
4612	2	21	1	\N
4612	4	40	2	1
4612	4	39	3	2
4612	1	11	4	\N
4612	1	12	5	\N
4612	1	13	6	\N
4612	1	14	7	\N
4612	4	38	8	\N
4612	4	37	9	\N
4612	4	36	10	\N
4612	4	35	11	3
4618	4	42	0	0
4618	4	41	1	\N
4618	2	21	2	\N
4618	2	20	3	\N
4618	2	19	4	\N
4618	1	4	5	1
4620	4	42	0	0
4620	4	41	1	1
4620	2	21	2	2
4620	2	20	3	\N
4620	2	19	4	\N
4620	1	4	5	3
4620	1	3	6	\N
4620	1	2	7	4
4647	4	42	0	0
4647	4	41	1	1
4647	2	21	2	\N
4647	2	20	3	\N
4647	2	19	4	\N
4647	1	4	5	\N
4647	2	18	6	2
4647	2	17	7	3
4647	2	22	8	4
4650	4	42	0	0
4650	4	41	1	\N
4650	2	21	2	1
4650	2	22	3	\N
4650	2	23	4	\N
4650	3	29	5	2
4667	4	42	0	0
4667	4	41	1	1
4667	2	21	2	\N
4667	3	29	3	2
4667	3	28	4	3
4667	1	8	5	4
4667	1	7	6	\N
4667	1	6	7	\N
4667	1	5	8	5
4667	1	4	9	6
4667	2	19	10	\N
4667	1	9	11	7
4667	1	10	12	8
4667	1	11	13	9
4673	4	42	0	0
4673	4	41	1	1
4673	2	21	2	\N
4673	3	29	3	\N
4673	3	28	4	2
4673	1	8	5	3
4673	1	9	6	4
4673	1	10	7	5
4673	1	11	8	\N
4673	1	12	9	6
4673	1	13	10	\N
4673	1	14	11	7
4673	4	38	12	8
4673	4	37	13	9
4674	4	42	0	0
4674	4	41	1	\N
4674	2	21	2	1
4674	3	29	3	\N
4674	3	28	4	2
4674	1	8	5	3
4674	1	9	6	4
4674	1	10	7	\N
4674	1	11	8	\N
4674	1	12	9	5
4674	1	13	10	\N
4674	1	14	11	\N
4674	4	38	12	6
4674	4	37	13	\N
4674	4	36	14	7
4688	4	42	0	0
4688	4	41	1	\N
4688	2	21	2	1
4688	3	30	3	2
4688	3	31	4	3
4688	3	32	5	\N
4688	3	33	6	4
4688	4	40	7	5
4688	4	39	8	6
4688	1	11	9	7
4704	4	42	0	0
4704	4	41	1	1
4704	2	21	2	\N
4704	4	40	3	\N
4704	4	39	4	2
4704	1	11	5	3
4704	1	10	6	\N
4704	1	9	7	\N
4704	1	8	8	4
4704	1	7	9	5
4704	1	6	10	\N
4704	1	5	11	6
4704	1	4	12	\N
4704	2	19	13	7
4704	3	27	14	8
4712	4	42	0	0
4712	4	41	1	1
4712	2	21	2	2
4712	4	40	3	\N
4712	4	39	4	\N
4712	1	11	5	3
4712	1	10	6	4
4712	1	9	7	\N
4712	1	8	8	\N
4712	3	28	9	5
4712	1	12	10	\N
4712	1	13	11	\N
4712	1	14	12	6
4712	1	15	13	7
4714	4	42	0	0
4714	4	41	1	1
4714	2	21	2	2
4714	4	40	3	\N
4714	4	39	4	\N
4714	1	11	5	\N
4714	1	12	6	3
4714	1	13	7	\N
4714	1	14	8	4
4714	4	38	9	5
4714	4	37	10	6
4727	5	44	0	0
4727	5	45	1	\N
4727	5	46	2	1
4727	5	47	3	2
4766	5	50	0	0
4766	5	49	1	\N
4767	1	1	0	0
4767	1	2	1	1
4767	1	3	2	\N
4767	1	4	3	2
4767	1	5	4	3
4767	1	6	5	\N
4767	1	7	6	\N
4767	1	8	7	4
4767	1	9	8	5
4767	1	10	9	\N
4767	1	11	10	6
4767	4	39	11	\N
4767	4	40	12	\N
4767	2	21	13	\N
4767	4	41	14	7
4767	3	27	15	8
4768	1	1	0	0
4768	1	2	1	1
4768	1	3	2	\N
4768	1	4	3	2
4768	1	5	4	3
4768	1	6	5	\N
4768	1	7	6	4
4768	1	8	7	5
4768	3	27	8	\N
4768	3	26	9	\N
4768	3	28	10	\N
4768	3	29	11	\N
4768	2	21	12	\N
4768	2	20	13	6
4769	1	1	0	0
4769	1	2	1	\N
4769	1	3	2	1
4769	1	4	3	\N
4769	1	5	4	\N
4769	1	6	5	\N
4769	1	7	6	\N
4769	1	8	7	\N
4769	3	28	8	\N
4769	3	29	9	\N
4769	2	21	10	2
4769	2	22	11	\N
4769	2	23	12	3
4769	3	30	13	4
4769	3	31	14	5
4769	3	32	15	6
4769	3	33	16	7
4770	1	1	0	0
4770	1	2	1	\N
4770	1	3	2	\N
4770	1	4	3	1
4770	2	19	4	2
4770	2	20	5	3
4770	2	21	6	4
4770	3	29	7	\N
4770	3	28	8	\N
4770	1	8	9	\N
4770	1	7	10	5
4770	1	6	11	\N
4770	1	9	12	\N
4770	1	10	13	6
4770	1	11	14	\N
4770	1	12	15	7
4771	1	1	0	0
4771	1	2	1	\N
4771	1	3	2	1
4771	1	4	3	2
4771	2	19	4	\N
4771	2	20	5	\N
4771	2	21	6	3
4771	3	29	7	\N
4771	3	28	8	4
4771	1	8	9	\N
4771	1	9	10	\N
4771	1	10	11	5
4771	1	11	12	6
4771	1	12	13	7
4771	1	13	14	8
4771	1	14	15	\N
4771	4	38	16	9
4771	4	37	17	\N
4771	4	36	18	10
4772	1	1	0	0
4772	1	2	1	1
4772	1	3	2	2
4772	1	4	3	\N
4772	2	19	4	\N
4772	2	20	5	\N
4772	2	21	6	3
4772	3	29	7	\N
4772	3	28	8	4
4772	1	8	9	\N
4772	1	9	10	5
4772	1	10	11	\N
4772	1	11	12	6
4772	1	12	13	7
4772	1	13	14	8
4772	1	14	15	9
4772	4	38	16	10
4772	4	37	17	11
4772	4	36	18	\N
4772	4	35	19	12
4773	1	1	0	0
4773	1	2	1	\N
4773	1	3	2	1
4773	1	4	3	2
4773	2	19	4	3
4773	2	20	5	4
4773	2	21	6	\N
4773	3	30	7	5
4773	3	31	8	\N
4773	3	32	9	\N
4773	3	33	10	6
4773	4	40	11	7
4773	4	39	12	8
4773	1	11	13	9
4774	1	1	0	0
4774	1	2	1	\N
4774	1	3	2	1
4774	1	4	3	2
4774	2	19	4	3
4774	2	20	5	4
4774	2	21	6	5
4774	4	40	7	6
4774	4	39	8	\N
4774	1	11	9	7
4774	1	10	10	\N
4774	1	9	11	\N
4774	1	8	12	8
4774	1	7	13	9
4774	1	6	14	10
4774	3	27	15	\N
4774	3	26	16	11
4774	3	25	17	12
4775	1	1	0	0
4775	1	2	1	1
4775	1	3	2	\N
4775	1	4	3	2
4775	2	19	4	3
4775	2	20	5	\N
4775	2	21	6	4
4775	4	40	7	5
4775	4	39	8	\N
4775	1	11	9	6
4775	1	12	10	\N
4775	1	13	11	\N
4775	1	14	12	7
4775	4	38	13	8
4775	4	37	14	\N
4775	4	36	15	\N
4775	4	35	16	9
4776	1	2	0	0
4776	1	3	1	1
4776	1	4	2	\N
4776	1	5	3	\N
4776	1	6	4	\N
4776	1	7	5	2
