22
36
42
50
85
91
92
105
114
124
132
134
135
139
155
157
158
167
171
178
206
208
239
262
276
301
313
315
339
369
376
380
384
387
397
410
422
424
427
431
455
467
468
477
483
487
488
495
497
516
519
536
542
554
580
590
634
635
637
649
655
683
684
685
689
690
695
696
714
728
732
734
741
745
746
747
753
761
768
771
795
823
824
835
842
866
869
872
906
916
923
964
981
983
989
992
998
1002
1008
1013
1022
1029
1033
1035
1041
1044
1049
1070
1081
1088
1091
1095
1110
1112
1113
1125
1126
1128
1158
1184
1191
1199
1205
1207
1212
1213
1220
1241
1251
1266
1278
1280
1284
1290
1317
1364
1370
1380
1393
1402
1407
1410
1412
1418
1432
1448
1451
1463
1464
1487
1488
1494
1506
1508
1515
1522
1535
1536
1546
1547
1552
1556
1562
1569
1578
1630
1646
1666
1669
1670
1676
1677
1690
1697
1704
1707
1713
1746
1757
1758
1765
1774
1780
1781
1784
1793
1795
1815
1817
1824
1830
1840
1842
1843
1844
1846
1858
1871
1896
1902
1906
1926
1930
1940
1953
1961
1975
2046
2048
2052
2062
2064
2068
2071
2074
2080
2098
2101
2102
2106
2107
2144
2162
2164
2175
2185
2186
2190
2195
2201
2205
2206
2208
2223
2227
2259
2274
2280
2299
2308
2316
2322
2346
2347
2361
2376
2401
2409
2419
2426
2429
2435
2440
2448
2450
2481
2504
2517
2519
2539
2542
2543
2557
2569
2571
2610
2641
2655
2656
2659
2660
2661
2666
2694
2695
2702
2712
2717
2720
2731
2744
2751
2752
2789
2792
2806
2810
2817
2830
2838
2840
2854
2860
2884
2886
2888
2890
2904
2912
2914
2921
2922
2923
2924
2926
2931
2936
2947
2954
2959
2964
2977
3021
3024
3032
3046
3048
3058
3062
3071
3104
3105
3115
3139
3141
3142
3153
3160
3178
3179
3186
3198
3207
3209
3211
3217
3221
3230
3232
3239
3248
3280
3318
3321
3323
3338
3344
3355
3373
3375
3416
3422
3441
3443
3444
3446
3457
3458
3461
3467
3473
3478
3503
3511
3513
3526
3529
3538
3563
3565
3572
3577
3581
3590
3610
3611
3612
3664
3690
3698
3724
3726
3728
3730
3739
3743
3747
3753
3759
3777
3788
3793
3813
3815
3821
3822
3843
3844
3854
3870
3877
3878
3917
3925
3928
3957
3962
3991
3997
3998
4001
4002
4003
4011
4015
4021
4025
4034
4046
4053
4054
4069
4083
4093
4095
4119
4135
4139
4155
4168
4173
4177
4183
4192
4193
4209
4220
4226
4231
4234
4238
4244
4269
4272
4273
4279
4287
4306
4314
4317
4334
4340
4343
4351
4358
4363
4368
4375
4380
4381
4416
4417
4419
4428
4431
4439
4443
4457
4470
4473
4476
4486
4524
4540
4541
4552
4553
4557
4560
4561
4575
4581
4584
4604
4608
4610
4612
4618
4620
4647
4650
4667
4673
4674
4688
4704
4712
4714
4727
4766
4767
4768
4769
4770
4771
4772
4773
4774
4775
4776
